0,0,0,1,20,20,20,20,20,20,20,20,
0,0,0,2,20,20,20,20,20,20,20,20,
0,0,0,3,20,20,20,20,20,20,20,20,
0,0,0,4,20,20,20,20,20,20,20,20,
0,0,0,5,20,20,20,20,20,20,20,20,
0,0,1,0,20,20,20,20,20,20,20,20,
0,0,1,1,20,20,20,20,20,20,20,20,
0,0,1,2,20,20,20,20,20,20,20,20,
0,0,1,3,20,20,20,20,20,20,20,20,
0,0,1,4,20,20,20,20,20,20,20,20,
0,0,1,5,20,20,20,20,20,20,20,20,
0,0,2,0,20,20,20,20,20,20,20,20,
0,0,2,1,20,20,20,20,20,20,20,20,
0,0,2,2,20,20,20,20,20,20,20,20,
0,0,2,3,20,20,20,20,20,20,20,20,
0,0,2,4,20,20,20,20,20,20,20,20,
0,0,2,5,20,20,20,20,20,20,20,20,
0,0,3,0,20,20,20,20,20,20,20,20,
0,0,3,1,20,20,20,20,20,20,20,20,
0,0,3,2,20,20,20,20,20,20,20,20,
0,0,3,3,20,20,20,20,20,20,20,20,
0,0,3,4,20,20,20,20,20,20,20,20,
0,0,3,5,20,20,20,20,20,20,20,20,
0,0,4,0,20,20,20,20,20,20,20,20,
0,0,4,1,20,20,20,20,20,20,20,20,
0,0,4,2,20,20,20,20,20,20,20,20,
0,0,4,3,20,20,20,20,20,20,20,20,
0,0,4,4,20,20,20,20,20,20,20,20,
0,0,4,5,20,20,20,20,20,20,20,20,
0,0,5,0,20,20,20,20,20,20,20,20,
0,0,5,1,20,20,20,20,20,20,20,20,
0,0,5,2,20,20,20,20,20,20,20,20,
0,0,5,3,20,20,20,20,20,20,20,20,
0,0,5,4,20,20,20,20,20,20,20,20,
0,0,5,5,20,20,20,20,20,20,20,20,
0,1,0,0,20,20,20,20,20,20,20,20,
0,1,0,1,20,20,20,20,20,20,20,20,
0,1,0,2,20,20,20,20,20,20,20,20,
0,1,0,3,20,20,20,20,20,20,20,20,
0,1,0,4,20,20,20,20,20,20,20,20,
0,1,0,5,20,20,20,20,20,20,20,20,
0,1,1,0,20,20,20,20,20,20,20,20,
0,1,1,1,20,20,20,20,20,20,20,20,
0,1,1,2,20,20,20,20,20,20,20,20,
0,1,1,3,20,20,20,20,20,20,20,20,
0,1,1,4,20,20,20,20,20,20,20,20,
0,1,1,5,20,20,20,20,20,20,20,20,
0,1,2,0,20,20,20,20,20,20,20,20,
0,1,2,1,20,20,20,20,20,20,20,20,
0,1,2,2,20,20,20,20,20,20,20,20,
0,1,2,3,20,20,20,20,20,20,20,20,
0,1,2,4,20,20,20,20,20,20,20,20,
0,1,2,5,20,20,20,20,20,20,20,20,
0,1,3,0,20,20,20,20,20,20,20,20,
0,1,3,1,20,20,20,20,20,20,20,20,
0,1,3,2,20,20,20,20,20,20,20,20,
0,1,3,3,20,20,20,20,20,20,20,20,
0,1,3,4,20,20,20,20,20,20,20,20,
0,1,3,5,20,20,20,20,20,20,20,20,
0,1,4,0,20,20,20,20,20,20,20,20,
0,1,4,1,20,20,20,20,20,20,20,20,
0,1,4,2,20,20,20,20,20,20,20,20,
0,1,4,3,20,20,20,20,20,20,20,20,
0,1,4,4,20,20,20,20,20,20,20,20,
0,1,4,5,20,20,20,20,20,20,20,20,
0,1,5,0,20,20,20,20,20,20,20,20,
0,1,5,1,20,20,20,20,20,20,20,20,
0,1,5,2,20,20,20,20,20,20,20,20,
0,1,5,3,20,20,20,20,20,20,20,20,
0,1,5,4,20,20,20,20,20,20,20,20,
0,1,5,5,20,20,20,20,20,20,20,20,
0,2,0,0,20,20,20,20,20,20,20,20,
0,2,0,1,20,20,20,20,20,20,20,20,
0,2,0,2,20,20,20,20,20,20,20,20,
0,2,0,3,20,20,20,20,20,20,20,20,
0,2,0,4,20,20,20,20,20,20,20,20,
0,2,0,5,20,20,20,20,20,20,20,20,
0,2,1,0,20,20,20,20,20,20,20,20,
0,2,1,1,20,20,20,20,20,20,20,20,
0,2,1,2,20,20,20,20,20,20,20,20,
0,2,1,3,20,20,20,20,20,20,20,20,
0,2,1,4,20,20,20,20,20,20,20,20,
0,2,1,5,20,20,20,20,20,20,20,20,
0,2,2,0,20,20,20,20,20,20,20,20,
0,2,2,1,20,20,20,20,20,20,20,20,
0,2,2,2,20,20,20,20,20,20,20,20,
0,2,2,3,20,20,20,20,20,20,20,20,
0,2,2,4,20,20,20,20,20,20,20,20,
0,2,2,5,20,20,20,20,20,20,20,20,
0,2,3,0,20,20,20,20,20,20,20,20,
0,2,3,1,20,20,20,20,20,20,20,20,
0,2,3,2,20,20,20,20,20,20,20,20,
0,2,3,3,20,20,20,20,20,20,20,20,
0,2,3,4,20,20,20,20,20,20,20,20,
0,2,3,5,20,20,20,20,20,20,20,20,
0,2,4,0,20,20,20,20,20,20,20,20,
0,2,4,1,20,20,20,20,20,20,20,20,
0,2,4,2,20,20,20,20,20,20,20,20,
0,2,4,3,20,20,20,20,20,20,20,20,
0,2,4,4,20,20,20,20,20,20,20,20,
0,2,4,5,20,20,20,20,20,20,20,20,
0,2,5,0,20,20,20,20,20,20,20,20,
0,2,5,1,20,20,20,20,20,20,20,20,
0,2,5,2,20,20,20,20,20,20,20,20,
0,2,5,3,20,20,20,20,20,20,20,20,
0,2,5,4,20,20,20,20,20,20,20,20,
0,2,5,5,20,20,20,20,20,20,20,20,
0,3,0,0,20,20,20,20,20,20,20,20,
0,3,0,1,20,20,20,20,20,20,20,20,
0,3,0,2,20,20,20,20,20,20,20,20,
0,3,0,3,20,20,20,20,20,20,20,20,
0,3,0,4,20,20,20,20,20,20,20,20,
0,3,0,5,20,20,20,20,20,20,20,20,
0,3,1,0,20,20,20,20,20,20,20,20,
0,3,1,1,20,20,20,20,20,20,20,20,
0,3,1,2,20,20,20,20,20,20,20,20,
0,3,1,3,20,20,20,20,20,20,20,20,
0,3,1,4,20,20,20,20,20,20,20,20,
0,3,1,5,20,20,20,20,20,20,20,20,
0,3,2,0,20,20,20,20,20,20,20,20,
0,3,2,1,20,20,20,20,20,20,20,20,
0,3,2,2,20,20,20,20,20,20,20,20,
0,3,2,3,20,20,20,20,20,20,20,20,
0,3,2,4,20,20,20,20,20,20,20,20,
0,3,2,5,20,20,20,20,20,20,20,20,
0,3,3,0,20,20,20,20,20,20,20,20,
0,3,3,1,20,20,20,20,20,20,20,20,
0,3,3,2,20,20,20,20,20,20,20,20,
0,3,3,3,20,20,20,20,20,20,20,20,
0,3,3,4,20,20,20,20,20,20,20,20,
0,3,3,5,20,20,20,20,20,20,20,20,
0,3,4,0,20,20,20,20,20,20,20,20,
0,3,4,1,20,20,20,20,20,20,20,20,
0,3,4,2,20,20,20,20,20,20,20,20,
0,3,4,3,20,20,20,20,20,20,20,20,
0,3,4,4,20,20,20,20,20,20,20,20,
0,3,4,5,20,20,20,20,20,20,20,20,
0,3,5,0,20,20,20,20,20,20,20,20,
0,3,5,1,20,20,20,20,20,20,20,20,
0,3,5,2,20,20,20,20,20,20,20,20,
0,3,5,3,20,20,20,20,20,20,20,20,
0,3,5,4,20,20,20,20,20,20,20,20,
0,3,5,5,20,20,20,20,20,20,20,20,
0,4,0,0,20,20,20,20,20,20,20,20,
0,4,0,1,20,20,20,20,20,20,20,20,
0,4,0,2,20,20,20,20,20,20,20,20,
0,4,0,3,20,20,20,20,20,20,20,20,
0,4,0,4,20,20,20,20,20,20,20,20,
0,4,0,5,20,20,20,20,20,20,20,20,
0,4,1,0,20,20,20,20,20,20,20,20,
0,4,1,1,20,20,20,20,20,20,20,20,
0,4,1,2,20,20,20,20,20,20,20,20,
0,4,1,3,20,20,20,20,20,20,20,20,
0,4,1,4,20,20,20,20,20,20,20,20,
0,4,1,5,20,20,20,20,20,20,20,20,
0,4,2,0,20,20,20,20,20,20,20,20,
0,4,2,1,20,20,20,20,20,20,20,20,
0,4,2,2,20,20,20,20,20,20,20,20,
0,4,2,3,20,20,20,20,20,20,20,20,
0,4,2,4,20,20,20,20,20,20,20,20,
0,4,2,5,20,20,20,20,20,20,20,20,
0,4,3,0,20,20,20,20,20,20,20,20,
0,4,3,1,20,20,20,20,20,20,20,20,
0,4,3,2,20,20,20,20,20,20,20,20,
0,4,3,3,20,20,20,20,20,20,20,20,
0,4,3,4,20,20,20,20,20,20,20,20,
0,4,3,5,20,20,20,20,20,20,20,20,
0,4,4,0,20,20,20,20,20,20,20,20,
0,4,4,1,20,20,20,20,20,20,20,20,
0,4,4,2,20,20,20,20,20,20,20,20,
0,4,4,3,20,20,20,20,20,20,20,20,
0,4,4,4,20,20,20,20,20,20,20,20,
0,4,4,5,20,20,20,20,20,20,20,20,
0,4,5,0,20,20,20,20,20,20,20,20,
0,4,5,1,20,20,20,20,20,20,20,20,
0,4,5,2,20,20,20,20,20,20,20,20,
0,4,5,3,20,20,20,20,20,20,20,20,
0,4,5,4,20,20,20,20,20,20,20,20,
0,4,5,5,20,20,20,20,20,20,20,20,
0,5,0,0,20,20,20,20,20,20,20,20,
0,5,0,1,20,20,20,20,20,20,20,20,
0,5,0,2,20,20,20,20,20,20,20,20,
0,5,0,3,20,20,20,20,20,20,20,20,
0,5,0,4,20,20,20,20,20,20,20,20,
0,5,0,5,20,20,20,20,20,20,20,20,
0,5,1,0,20,20,20,20,20,20,20,20,
0,5,1,1,20,20,20,20,20,20,20,20,
0,5,1,2,20,20,20,20,20,20,20,20,
0,5,1,3,20,20,20,20,20,20,20,20,
0,5,1,4,20,20,20,20,20,20,20,20,
0,5,1,5,20,20,20,20,20,20,20,20,
0,5,2,0,20,20,20,20,20,20,20,20,
0,5,2,1,20,20,20,20,20,20,20,20,
0,5,2,2,20,20,20,20,20,20,20,20,
0,5,2,3,20,20,20,20,20,20,20,20,
0,5,2,4,20,20,20,20,20,20,20,20,
0,5,2,5,20,20,20,20,20,20,20,20,
0,5,3,0,20,20,20,20,20,20,20,20,
0,5,3,1,20,20,20,20,20,20,20,20,
0,5,3,2,20,20,20,20,20,20,20,20,
0,5,3,3,20,20,20,20,20,20,20,20,
0,5,3,4,20,20,20,20,20,20,20,20,
0,5,3,5,20,20,20,20,20,20,20,20,
0,5,4,0,20,20,20,20,20,20,20,20,
0,5,4,1,20,20,20,20,20,20,20,20,
0,5,4,2,20,20,20,20,20,20,20,20,
0,5,4,3,20,20,20,20,20,20,20,20,
0,5,4,4,20,20,20,20,20,20,20,20,
0,5,4,5,20,20,20,20,20,20,20,20,
0,5,5,0,20,20,20,20,20,20,20,20,
0,5,5,1,20,20,20,20,20,20,20,20,
0,5,5,2,20,20,20,20,20,20,20,20,
0,5,5,3,20,20,20,20,20,20,20,20,
0,5,5,4,20,20,20,20,20,20,20,20,
0,5,5,5,20,20,20,20,20,20,20,20,
1,0,0,0,20,20,20,20,20,20,20,20,
1,0,0,1,20,20,20,20,20,20,20,20,
1,0,0,2,20,20,20,20,20,20,20,20,
1,0,0,3,20,20,20,20,20,20,20,20,
1,0,0,4,20,20,20,20,20,20,20,20,
1,0,0,5,20,20,20,20,20,20,20,20,
1,0,1,0,20,20,20,20,20,20,20,20,
1,0,1,1,20,20,20,20,20,20,20,20,
1,0,1,2,20,20,20,20,20,20,20,20,
1,0,1,3,20,20,20,20,20,20,20,20,
1,0,1,4,20,20,20,20,20,20,20,20,
1,0,1,5,20,20,20,20,20,20,20,20,
1,0,2,0,20,20,20,20,20,20,20,20,
1,0,2,1,20,20,20,20,20,20,20,20,
1,0,2,2,20,20,20,20,20,20,20,20,
1,0,2,3,20,20,20,20,20,20,20,20,
1,0,2,4,20,20,20,20,20,20,20,20,
1,0,2,5,20,20,20,20,20,20,20,20,
1,0,3,0,20,20,20,20,20,20,20,20,
1,0,3,1,20,20,20,20,20,20,20,20,
1,0,3,2,20,20,20,20,20,20,20,20,
1,0,3,3,20,20,20,20,20,20,20,20,
1,0,3,4,20,20,20,20,20,20,20,20,
1,0,3,5,20,20,20,20,20,20,20,20,
1,0,4,0,20,20,20,20,20,20,20,20,
1,0,4,1,20,20,20,20,20,20,20,20,
1,0,4,2,20,20,20,20,20,20,20,20,
1,0,4,3,20,20,20,20,20,20,20,20,
1,0,4,4,20,20,20,20,20,20,20,20,
1,0,4,5,20,20,20,20,20,20,20,20,
1,0,5,0,20,20,20,20,20,20,20,20,
1,0,5,1,20,20,20,20,20,20,20,20,
1,0,5,2,20,20,20,20,20,20,20,20,
1,0,5,3,20,20,20,20,20,20,20,20,
1,0,5,4,20,20,20,20,20,20,20,20,
1,0,5,5,20,20,20,20,20,20,20,20,
1,1,0,0,20,20,20,20,20,20,20,20,
1,1,0,1,20,20,20,20,20,20,20,20,
1,1,0,2,20,20,20,20,20,20,20,20,
1,1,0,3,20,20,20,20,20,20,20,20,
1,1,0,4,20,20,20,20,20,20,20,20,
1,1,0,5,20,20,20,20,20,20,20,20,
1,1,1,0,20,20,20,20,20,20,20,20,
1,1,1,1,20,20,20,20,20,20,20,20,
1,1,1,2,20,20,20,20,20,20,20,20,
1,1,1,3,20,20,20,20,20,20,20,20,
1,1,1,4,20,20,20,20,20,20,20,20,
1,1,1,5,20,20,20,20,20,20,20,20,
1,1,2,0,20,20,20,20,20,20,20,20,
1,1,2,1,20,20,20,20,20,20,20,20,
1,1,2,2,20,20,20,20,20,20,20,20,
1,1,2,3,20,20,20,20,20,20,21,20,
1,1,2,4,20,20,20,20,20,20,20,20,
1,1,2,5,20,20,20,20,20,20,20,20,
1,1,3,0,20,20,20,20,20,20,20,20,
1,1,3,1,20,20,20,20,20,20,20,20,
1,1,3,2,20,20,20,20,20,20,20,20,
1,1,3,3,20,20,3240,21,20,20,3956,20,
1,1,3,4,20,20,1089,2158,20,20,3240,20,
1,1,3,5,20,20,20,20,20,20,20,20,
1,1,4,0,20,20,20,20,20,20,20,20,
1,1,4,1,20,20,20,20,20,20,20,20,
1,1,4,2,20,20,20,20,20,20,20,20,
1,1,4,3,20,20,7157,6455,20,20,21,20,
1,1,4,4,20,20,20,20,20,20,19,20,
1,1,4,5,20,20,20,20,20,20,20,20,
1,1,5,0,20,20,20,20,20,20,20,20,
1,1,5,1,20,20,20,20,20,20,20,20,
1,1,5,2,20,20,20,20,20,20,20,20,
1,1,5,3,20,20,20,20,20,20,20,20,
1,1,5,4,20,20,20,20,20,20,20,20,
1,1,5,5,20,20,20,20,20,20,20,20,
1,2,0,0,20,20,20,20,20,20,20,20,
1,2,0,1,20,20,20,20,20,20,20,20,
1,2,0,2,20,20,20,20,20,20,20,20,
1,2,0,3,20,20,20,20,20,20,20,20,
1,2,0,4,20,20,20,20,20,20,20,20,
1,2,0,5,20,20,20,20,20,20,20,20,
1,2,1,0,20,20,20,20,20,20,20,20,
1,2,1,1,20,20,332,20,20,20,20,20,
1,2,1,2,20,20,20,20,20,20,20,20,
1,2,1,3,20,20,20,20,20,20,20,20,
1,2,1,4,20,20,20,21,20,20,20,20,
1,2,1,5,20,20,20,20,20,20,20,20,
1,2,2,0,20,20,20,20,20,20,20,20,
1,2,2,1,20,20,20,20,20,20,20,20,
1,2,2,2,20,20,20,20,20,20,20,20,
1,2,2,3,20,20,20,20,20,20,20,3940,
1,2,2,4,3240,20,20,20,20,20,20,20,
1,2,2,5,20,20,20,20,20,20,20,20,
1,2,3,0,20,20,20,20,20,20,20,20,
1,2,3,1,20,20,20,20,20,20,20,20,
1,2,3,2,20,20,20,20,20,20,20,20,
1,2,3,3,20,20,20,20,20,20,3939,332,
1,2,3,4,6457,20,20,20,20,20,20,20,
1,2,3,5,20,20,20,20,20,20,20,20,
1,2,4,0,20,20,20,20,20,20,20,20,
1,2,4,1,20,20,20,20,20,20,20,20,
1,2,4,2,20,20,20,19,20,20,20,20,
1,2,4,3,20,20,20,20,20,20,20,20,
1,2,4,4,1089,20,20,20,20,20,18,20,
1,2,4,5,20,20,20,20,20,20,20,20,
1,2,5,0,20,20,20,20,20,20,20,20,
1,2,5,1,20,20,20,20,20,20,20,20,
1,2,5,2,20,20,20,20,20,20,20,20,
1,2,5,3,20,20,20,20,20,20,20,20,
1,2,5,4,20,20,20,20,20,20,20,20,
1,2,5,5,20,20,20,20,20,20,20,20,
1,3,0,0,20,20,20,20,20,20,20,20,
1,3,0,1,20,20,20,20,20,20,20,20,
1,3,0,2,20,20,20,20,20,20,20,20,
1,3,0,3,20,20,20,20,20,20,20,20,
1,3,0,4,20,20,20,20,20,20,20,20,
1,3,0,5,20,20,20,20,20,20,20,20,
1,3,1,0,20,20,20,20,20,20,20,20,
1,3,1,1,20,20,20,20,20,20,20,20,
1,3,1,2,20,20,20,20,20,20,20,20,
1,3,1,3,20,20,20,20,20,20,20,20,
1,3,1,4,20,20,20,20,20,20,20,20,
1,3,1,5,20,20,20,20,20,20,20,20,
1,3,2,0,20,20,20,20,20,20,20,20,
1,3,2,1,20,20,333,20,20,20,20,20,
1,3,2,2,20,20,20,20,20,20,20,20,
1,3,2,3,20,20,20,21,20,20,20,20,
1,3,2,4,20,20,20,20,20,20,20,20,
1,3,2,5,20,20,20,20,20,20,20,20,
1,3,3,0,20,20,20,20,20,20,20,20,
1,3,3,1,20,20,20,19,20,20,20,20,
1,3,3,2,20,20,19,20,20,20,20,20,
1,3,3,3,20,20,20,20,20,20,20,20,
1,3,3,4,20,20,19,20,20,20,20,20,
1,3,3,5,20,20,20,20,20,20,20,20,
1,3,4,0,20,20,20,20,20,20,20,20,
1,3,4,1,20,20,20,20,20,20,20,20,
1,3,4,2,20,20,20,20,20,20,20,20,
1,3,4,3,20,20,20,20,20,20,20,20,
1,3,4,4,20,20,20,20,20,20,20,20,
1,3,4,5,20,20,20,20,20,20,20,20,
1,3,5,0,20,20,20,20,20,20,20,20,
1,3,5,1,20,20,20,20,20,20,20,20,
1,3,5,2,20,20,20,20,20,20,20,20,
1,3,5,3,20,20,20,20,20,20,20,20,
1,3,5,4,20,20,20,20,20,20,20,20,
1,3,5,5,20,20,20,20,20,20,20,20,
1,4,0,0,20,20,20,20,20,20,20,20,
1,4,0,1,20,20,20,20,20,20,20,20,
1,4,0,2,20,20,20,20,20,20,20,20,
1,4,0,3,20,20,20,20,20,20,20,20,
1,4,0,4,20,20,20,20,20,20,20,20,
1,4,0,5,20,20,20,20,20,20,20,20,
1,4,1,0,20,20,20,20,20,20,20,20,
1,4,1,1,20,20,20,20,20,20,20,20,
1,4,1,2,20,20,20,333,20,20,20,20,
1,4,1,3,20,20,20,20,20,20,20,20,
1,4,1,4,20,20,20,20,20,20,20,20,
1,4,1,5,20,20,20,20,20,20,20,20,
1,4,2,0,20,20,20,20,20,20,20,20,
1,4,2,1,20,20,20,20,20,20,20,20,
1,4,2,2,20,20,20,20,20,20,20,20,
1,4,2,3,19,20,20,20,20,20,20,20,
1,4,2,4,20,20,20,20,20,20,20,20,
1,4,2,5,20,20,20,20,20,20,20,20,
1,4,3,0,20,20,20,20,20,20,20,20,
1,4,3,1,20,20,20,20,20,20,20,20,
1,4,3,2,20,20,20,20,20,20,20,20,
1,4,3,3,20,20,20,20,20,20,20,20,
1,4,3,4,20,20,20,20,20,20,20,20,
1,4,3,5,20,20,20,20,20,20,20,20,
1,4,4,0,20,20,20,20,20,20,20,20,
1,4,4,1,20,20,20,20,20,20,20,20,
1,4,4,2,20,20,20,20,20,20,20,20,
1,4,4,3,20,20,20,20,20,20,20,20,
1,4,4,4,20,20,20,20,20,20,20,20,
1,4,4,5,20,20,20,20,20,20,20,20,
1,4,5,0,20,20,20,20,20,20,20,20,
1,4,5,1,20,20,20,20,20,20,20,20,
1,4,5,2,20,20,20,20,20,20,20,20,
1,4,5,3,20,20,20,20,20,20,20,20,
1,4,5,4,20,20,20,20,20,20,20,20,
1,4,5,5,20,20,20,20,20,20,20,20,
1,5,0,0,20,20,20,20,20,20,20,20,
1,5,0,1,20,20,20,20,20,20,20,20,
1,5,0,2,20,20,20,20,20,20,20,20,
1,5,0,3,20,20,20,20,20,20,20,20,
1,5,0,4,20,20,20,20,20,20,20,20,
1,5,0,5,20,20,20,20,20,20,20,20,
1,5,1,0,20,20,20,20,20,20,20,20,
1,5,1,1,20,20,20,20,20,20,20,20,
1,5,1,2,20,20,20,20,20,20,20,20,
1,5,1,3,20,20,20,20,20,20,20,20,
1,5,1,4,20,20,20,20,20,20,20,20,
1,5,1,5,20,20,20,20,20,20,20,20,
1,5,2,0,20,20,20,20,20,20,20,20,
1,5,2,1,20,20,20,20,20,20,20,20,
1,5,2,2,20,20,20,20,20,20,20,20,
1,5,2,3,20,20,20,20,20,20,20,20,
1,5,2,4,20,20,20,20,20,20,20,20,
1,5,2,5,20,20,20,20,20,20,20,20,
1,5,3,0,20,20,20,20,20,20,20,20,
1,5,3,1,20,20,20,20,20,20,20,20,
1,5,3,2,20,20,20,20,20,20,20,20,
1,5,3,3,20,20,20,20,20,20,20,20,
1,5,3,4,20,20,20,20,20,20,20,20,
1,5,3,5,20,20,20,20,20,20,20,20,
1,5,4,0,20,20,20,20,20,20,20,20,
1,5,4,1,20,20,20,20,20,20,20,20,
1,5,4,2,20,20,20,20,20,20,20,20,
1,5,4,3,20,20,20,20,20,20,20,20,
1,5,4,4,20,20,20,20,20,20,20,20,
1,5,4,5,20,20,20,20,20,20,20,20,
1,5,5,0,20,20,20,20,20,20,20,20,
1,5,5,1,20,20,20,20,20,20,20,20,
1,5,5,2,20,20,20,20,20,20,20,20,
1,5,5,3,20,20,20,20,20,20,20,20,
1,5,5,4,20,20,20,20,20,20,20,20,
1,5,5,5,20,20,20,20,20,20,20,20,
2,0,0,0,20,20,20,20,20,20,20,20,
2,0,0,1,20,20,20,20,20,20,20,20,
2,0,0,2,20,20,20,20,20,20,20,20,
2,0,0,3,20,20,20,20,20,20,20,20,
2,0,0,4,20,20,20,20,20,20,20,20,
2,0,0,5,20,20,20,20,20,20,20,20,
2,0,1,0,20,20,20,20,20,20,20,20,
2,0,1,1,20,20,20,20,20,20,20,20,
2,0,1,2,20,20,20,20,20,20,20,20,
2,0,1,3,20,20,20,20,20,20,20,20,
2,0,1,4,20,20,20,20,20,20,20,20,
2,0,1,5,20,20,20,20,20,20,20,20,
2,0,2,0,20,20,20,20,20,20,20,20,
2,0,2,1,20,20,20,20,20,20,20,20,
2,0,2,2,20,20,20,20,20,20,20,20,
2,0,2,3,20,20,20,20,20,20,20,20,
2,0,2,4,20,20,20,20,20,20,20,20,
2,0,2,5,20,20,20,20,20,20,20,20,
2,0,3,0,20,20,20,20,20,20,20,20,
2,0,3,1,20,20,20,20,20,20,20,20,
2,0,3,2,20,20,20,20,20,20,20,20,
2,0,3,3,20,20,20,20,20,20,20,20,
2,0,3,4,20,20,20,20,20,20,20,20,
2,0,3,5,20,20,20,20,20,20,20,20,
2,0,4,0,20,20,20,20,20,20,20,20,
2,0,4,1,20,20,20,20,20,20,20,20,
2,0,4,2,20,20,20,20,20,20,20,20,
2,0,4,3,20,20,20,20,20,20,20,20,
2,0,4,4,20,20,20,20,20,20,20,20,
2,0,4,5,20,20,20,20,20,20,20,20,
2,0,5,0,20,20,20,20,20,20,20,20,
2,0,5,1,20,20,20,20,20,20,20,20,
2,0,5,2,20,20,20,20,20,20,20,20,
2,0,5,3,20,20,20,20,20,20,20,20,
2,0,5,4,20,20,20,20,20,20,20,20,
2,0,5,5,20,20,20,20,20,20,20,20,
2,1,0,0,20,20,20,20,20,20,20,20,
2,1,0,1,20,20,20,20,20,20,20,20,
2,1,0,2,20,20,20,20,20,20,20,20,
2,1,0,3,20,20,20,20,20,20,20,20,
2,1,0,4,20,20,20,20,20,20,20,20,
2,1,0,5,20,20,20,20,20,20,20,20,
2,1,1,0,20,20,20,20,20,20,20,20,
2,1,1,1,20,20,20,20,20,20,20,20,
2,1,1,2,20,20,20,20,20,20,20,20,
2,1,1,3,20,20,20,20,20,20,20,20,
2,1,1,4,20,20,20,20,20,20,20,20,
2,1,1,5,20,20,20,20,20,20,20,20,
2,1,2,0,20,20,20,20,20,20,20,20,
2,1,2,1,20,20,20,20,20,20,20,20,
2,1,2,2,20,20,21,20,20,332,20,20,
2,1,2,3,20,20,20,20,20,21,20,20,
2,1,2,4,20,20,20,20,20,20,20,20,
2,1,2,5,20,20,20,20,20,20,20,20,
2,1,3,0,20,20,20,20,20,20,20,20,
2,1,3,1,20,20,20,20,20,20,20,20,
2,1,3,2,20,20,20,20,20,20,20,20,
2,1,3,3,20,1089,19,1090,20,20,20,20,
2,1,3,4,20,20,20,3938,20,19,20,20,
2,1,3,5,20,20,20,20,20,20,20,20,
2,1,4,0,20,20,20,20,20,20,20,20,
2,1,4,1,20,20,20,20,20,20,20,20,
2,1,4,2,20,20,20,20,20,20,20,20,
2,1,4,3,20,20,20,20,20,20,20,20,
2,1,4,4,20,20,6458,20,20,20,20,20,
2,1,4,5,20,20,20,20,20,20,20,20,
2,1,5,0,20,20,20,20,20,20,20,20,
2,1,5,1,20,20,20,20,20,20,20,20,
2,1,5,2,20,20,20,20,20,20,20,20,
2,1,5,3,20,20,20,20,20,20,20,20,
2,1,5,4,20,20,20,20,20,20,20,20,
2,1,5,5,20,20,20,20,20,20,20,20,
2,2,0,0,20,20,20,20,20,20,20,20,
2,2,0,1,20,20,20,20,20,20,20,20,
2,2,0,2,20,20,20,20,20,20,20,20,
2,2,0,3,20,20,20,20,20,20,20,20,
2,2,0,4,20,20,20,20,20,20,20,20,
2,2,0,5,20,20,20,20,20,20,20,20,
2,2,1,0,20,20,20,20,20,20,20,20,
2,2,1,1,20,20,20,20,20,20,20,20,
2,2,1,2,20,20,20,20,20,20,20,20,
2,2,1,3,20,20,20,20,20,20,20,20,
2,2,1,4,20,20,20,20,20,20,20,20,
2,2,1,5,20,20,20,20,20,20,20,20,
2,2,2,0,20,20,20,20,20,20,20,20,
2,2,2,1,20,20,20,20,20,20,20,20,
2,2,2,2,20,20,20,20,20,20,20,20,
2,2,2,3,20,332,20,3939,20,20,3644,20,
2,2,2,4,20,20,20,20,20,21,20,20,
2,2,2,5,20,20,20,20,20,20,20,20,
2,2,3,0,20,20,20,20,20,20,20,20,
2,2,3,1,20,20,20,20,20,20,20,20,
2,2,3,2,20,20,20,20,20,20,20,20,
2,2,3,3,20,20,3239,20,20,18,20,20,
2,2,3,4,20,20,20,20,3239,20,20,20,
2,2,3,5,20,20,20,20,20,20,20,20,
2,2,4,0,20,20,20,20,20,20,20,20,
2,2,4,1,20,20,19,20,20,20,20,20,
2,2,4,2,20,20,20,20,20,20,21,20,
2,2,4,3,20,19,20,20,20,20,20,20,
2,2,4,4,20,20,20,20,20,20,3240,20,
2,2,4,5,20,20,20,20,20,20,20,20,
2,2,5,0,20,20,20,20,20,20,20,20,
2,2,5,1,20,20,20,20,20,20,20,20,
2,2,5,2,20,20,20,20,20,20,20,20,
2,2,5,3,20,20,20,20,20,20,20,20,
2,2,5,4,20,20,20,20,20,20,20,20,
2,2,5,5,20,20,20,20,20,20,20,20,
2,3,0,0,20,20,20,20,20,20,20,20,
2,3,0,1,20,20,20,20,20,20,20,20,
2,3,0,2,20,20,20,20,20,20,20,20,
2,3,0,3,20,20,20,20,20,20,20,20,
2,3,0,4,20,20,20,20,20,20,20,20,
2,3,0,5,20,20,20,20,20,20,20,20,
2,3,1,0,20,20,20,20,20,20,20,20,
2,3,1,1,20,20,20,20,20,20,20,20,
2,3,1,2,20,20,20,20,20,20,20,20,
2,3,1,3,20,20,20,20,20,20,20,20,
2,3,1,4,20,20,20,20,20,20,20,20,
2,3,1,5,20,20,20,20,20,20,20,20,
2,3,2,0,20,20,20,20,20,20,20,20,
2,3,2,1,20,20,20,20,20,20,20,20,
2,3,2,2,20,20,20,20,3939,20,20,20,
2,3,2,3,20,20,20,20,20,20,20,20,
2,3,2,4,20,20,20,20,3239,20,20,20,
2,3,2,5,20,20,20,20,20,20,20,20,
2,3,3,0,20,20,20,20,20,20,20,20,
2,3,3,1,20,20,20,334,20,20,20,20,
2,3,3,2,20,19,20,20,20,20,20,20,
2,3,3,3,20,20,20,20,20,20,20,20,
2,3,3,4,19,20,20,20,20,20,20,19,
2,3,3,5,20,20,20,20,20,20,20,20,
2,3,4,0,20,20,20,20,20,20,20,20,
2,3,4,1,20,20,20,20,20,20,20,20,
2,3,4,2,20,20,19,20,20,20,20,20,
2,3,4,3,20,20,20,20,20,20,20,20,
2,3,4,4,20,20,20,20,20,20,20,20,
2,3,4,5,20,20,20,20,20,20,20,20,
2,3,5,0,20,20,20,20,20,20,20,20,
2,3,5,1,20,20,20,20,20,20,20,20,
2,3,5,2,20,20,20,20,20,20,20,20,
2,3,5,3,20,20,20,20,20,20,20,20,
2,3,5,4,20,20,20,20,20,20,20,20,
2,3,5,5,20,20,20,20,20,20,20,20,
2,4,0,0,20,20,20,20,20,20,20,20,
2,4,0,1,20,20,20,20,20,20,20,20,
2,4,0,2,20,20,20,20,20,20,20,20,
2,4,0,3,20,20,20,20,20,20,20,20,
2,4,0,4,20,20,20,20,20,20,20,20,
2,4,0,5,20,20,20,20,20,20,20,20,
2,4,1,0,20,20,20,20,20,20,20,20,
2,4,1,1,20,20,20,20,20,20,20,20,
2,4,1,2,20,20,20,20,20,20,20,20,
2,4,1,3,20,20,20,20,20,20,20,20,
2,4,1,4,20,20,20,20,20,20,20,20,
2,4,1,5,20,20,20,20,20,20,20,20,
2,4,2,0,20,20,20,20,20,20,20,20,
2,4,2,1,20,20,20,20,20,20,20,333,
2,4,2,2,20,20,20,20,20,20,20,20,
2,4,2,3,20,20,20,20,20,20,20,20,
2,4,2,4,20,20,20,20,20,20,20,20,
2,4,2,5,20,20,20,20,20,20,20,20,
2,4,3,0,20,20,20,20,20,20,20,20,
2,4,3,1,20,20,20,20,20,20,20,20,
2,4,3,2,19,20,20,20,20,20,20,20,
2,4,3,3,20,20,20,20,20,20,20,20,
2,4,3,4,20,20,20,20,20,20,20,20,
2,4,3,5,20,20,20,20,20,20,20,20,
2,4,4,0,20,20,20,20,20,20,20,20,
2,4,4,1,20,20,20,20,20,20,20,20,
2,4,4,2,20,20,20,20,20,20,20,20,
2,4,4,3,20,20,20,20,20,20,20,20,
2,4,4,4,20,20,20,20,20,20,20,20,
2,4,4,5,20,20,20,20,20,20,20,20,
2,4,5,0,20,20,20,20,20,20,20,20,
2,4,5,1,20,20,20,20,20,20,20,20,
2,4,5,2,20,20,20,20,20,20,20,20,
2,4,5,3,20,20,20,20,20,20,20,20,
2,4,5,4,20,20,20,20,20,20,20,20,
2,4,5,5,20,20,20,20,20,20,20,20,
2,5,0,0,20,20,20,20,20,20,20,20,
2,5,0,1,20,20,20,20,20,20,20,20,
2,5,0,2,20,20,20,20,20,20,20,20,
2,5,0,3,20,20,20,20,20,20,20,20,
2,5,0,4,20,20,20,20,20,20,20,20,
2,5,0,5,20,20,20,20,20,20,20,20,
2,5,1,0,20,20,20,20,20,20,20,20,
2,5,1,1,20,20,20,20,20,20,20,20,
2,5,1,2,20,20,20,20,20,20,20,20,
2,5,1,3,20,20,20,20,20,20,20,20,
2,5,1,4,20,20,20,20,20,20,20,20,
2,5,1,5,20,20,20,20,20,20,20,20,
2,5,2,0,20,20,20,20,20,20,20,20,
2,5,2,1,20,20,20,20,20,20,20,20,
2,5,2,2,20,20,20,20,20,20,20,20,
2,5,2,3,20,20,20,20,20,20,20,20,
2,5,2,4,20,20,20,20,20,20,20,20,
2,5,2,5,20,20,20,20,20,20,20,20,
2,5,3,0,20,20,20,20,20,20,20,20,
2,5,3,1,20,20,20,20,20,20,20,20,
2,5,3,2,20,20,20,20,20,20,20,20,
2,5,3,3,20,20,20,20,20,20,20,20,
2,5,3,4,20,20,20,20,20,20,20,20,
2,5,3,5,20,20,20,20,20,20,20,20,
2,5,4,0,20,20,20,20,20,20,20,20,
2,5,4,1,20,20,20,20,20,20,20,20,
2,5,4,2,20,20,20,20,20,20,20,20,
2,5,4,3,20,20,20,20,20,20,20,20,
2,5,4,4,20,20,20,20,20,20,20,20,
2,5,4,5,20,20,20,20,20,20,20,20,
2,5,5,0,20,20,20,20,20,20,20,20,
2,5,5,1,20,20,20,20,20,20,20,20,
2,5,5,2,20,20,20,20,20,20,20,20,
2,5,5,3,20,20,20,20,20,20,20,20,
2,5,5,4,20,20,20,20,20,20,20,20,
2,5,5,5,20,20,20,20,20,20,20,20,
3,0,0,0,20,20,20,20,20,20,20,20,
3,0,0,1,20,20,20,20,20,20,20,20,
3,0,0,2,20,20,20,20,20,20,20,20,
3,0,0,3,20,20,20,20,20,20,20,20,
3,0,0,4,20,20,20,20,20,20,20,20,
3,0,0,5,20,20,20,20,20,20,20,20,
3,0,1,0,20,20,20,20,20,20,20,20,
3,0,1,1,20,20,20,20,20,20,20,20,
3,0,1,2,20,20,20,20,20,20,20,20,
3,0,1,3,20,20,20,20,20,20,20,20,
3,0,1,4,20,20,20,20,20,20,20,20,
3,0,1,5,20,20,20,20,20,20,20,20,
3,0,2,0,20,20,20,20,20,20,20,20,
3,0,2,1,20,20,20,20,20,20,20,20,
3,0,2,2,20,20,20,20,20,20,20,20,
3,0,2,3,20,20,20,20,20,20,20,20,
3,0,2,4,20,20,20,20,20,20,20,20,
3,0,2,5,20,20,20,20,20,20,20,20,
3,0,3,0,20,20,20,20,20,20,20,20,
3,0,3,1,20,20,20,20,20,20,20,20,
3,0,3,2,20,20,20,20,20,20,20,20,
3,0,3,3,20,20,20,20,20,20,20,20,
3,0,3,4,20,20,20,20,20,20,20,20,
3,0,3,5,20,20,20,20,20,20,20,20,
3,0,4,0,20,20,20,20,20,20,20,20,
3,0,4,1,20,20,20,20,20,20,20,20,
3,0,4,2,20,20,20,20,20,20,20,20,
3,0,4,3,20,20,20,20,20,20,20,20,
3,0,4,4,20,20,20,20,20,20,20,20,
3,0,4,5,20,20,20,20,20,20,20,20,
3,0,5,0,20,20,20,20,20,20,20,20,
3,0,5,1,20,20,20,20,20,20,20,20,
3,0,5,2,20,20,20,20,20,20,20,20,
3,0,5,3,20,20,20,20,20,20,20,20,
3,0,5,4,20,20,20,20,20,20,20,20,
3,0,5,5,20,20,20,20,20,20,20,20,
3,1,0,0,20,20,20,20,20,20,20,20,
3,1,0,1,20,20,20,20,20,20,20,20,
3,1,0,2,20,20,20,20,20,20,20,20,
3,1,0,3,20,20,20,20,20,20,20,20,
3,1,0,4,20,20,20,20,20,20,20,20,
3,1,0,5,20,20,20,20,20,20,20,20,
3,1,1,0,20,20,20,20,20,20,20,20,
3,1,1,1,20,20,20,20,20,20,20,20,
3,1,1,2,20,20,20,20,20,20,20,20,
3,1,1,3,20,20,20,20,20,20,20,20,
3,1,1,4,20,20,20,20,20,20,20,20,
3,1,1,5,20,20,20,20,20,20,20,20,
3,1,2,0,20,20,20,20,20,20,20,20,
3,1,2,1,20,3939,20,20,20,20,20,20,
3,1,2,2,20,20,20,20,20,20,20,20,
3,1,2,3,20,20,20,20,20,20,19,20,
3,1,2,4,20,19,20,20,20,3939,20,20,
3,1,2,5,20,20,20,20,20,20,20,20,
3,1,3,0,20,20,20,20,20,20,20,20,
3,1,3,1,20,20,20,20,20,20,20,20,
3,1,3,2,20,20,335,20,20,20,20,20,
3,1,3,3,20,20,20,20,20,20,20,20,
3,1,3,4,20,20,20,20,20,20,20,20,
3,1,3,5,20,20,20,20,20,20,20,20,
3,1,4,0,20,20,20,20,20,20,20,20,
3,1,4,1,20,20,20,20,20,20,20,20,
3,1,4,2,20,20,20,1090,20,20,20,20,
3,1,4,3,20,20,20,20,20,20,20,20,
3,1,4,4,20,20,20,20,20,20,20,20,
3,1,4,5,20,20,20,20,20,20,20,20,
3,1,5,0,20,20,20,20,20,20,20,20,
3,1,5,1,20,20,20,20,20,20,20,20,
3,1,5,2,20,20,20,20,20,20,20,20,
3,1,5,3,20,20,20,20,20,20,20,20,
3,1,5,4,20,20,20,20,20,20,20,20,
3,1,5,5,20,20,20,20,20,20,20,20,
3,2,0,0,20,20,20,20,20,20,20,20,
3,2,0,1,20,20,20,20,20,20,20,20,
3,2,0,2,20,20,20,20,20,20,20,20,
3,2,0,3,20,20,20,20,20,20,20,20,
3,2,0,4,20,20,20,20,20,20,20,20,
3,2,0,5,20,20,20,20,20,20,20,20,
3,2,1,0,20,20,20,20,20,20,20,20,
3,2,1,1,20,20,20,20,20,20,20,20,
3,2,1,2,20,20,20,20,20,20,20,3939,
3,2,1,3,20,20,20,20,20,20,20,20,
3,2,1,4,20,20,20,20,20,20,20,20,
3,2,1,5,20,20,20,20,20,20,20,20,
3,2,2,0,20,20,20,20,20,20,20,20,
3,2,2,1,335,20,20,20,20,334,20,20,
3,2,2,2,20,20,20,20,20,20,20,20,
3,2,2,3,20,20,20,20,20,20,20,20,
3,2,2,4,20,20,20,20,20,20,20,20,
3,2,2,5,20,20,20,20,20,20,20,20,
3,2,3,0,20,20,20,20,20,20,20,20,
3,2,3,1,20,20,20,20,20,20,20,20,
3,2,3,2,20,20,20,20,20,20,20,20,
3,2,3,3,20,20,20,20,20,20,20,19,
3,2,3,4,20,20,20,20,20,20,20,20,
3,2,3,5,20,20,20,20,20,20,20,20,
3,2,4,0,20,20,20,20,20,20,20,20,
3,2,4,1,20,20,20,20,20,20,20,20,
3,2,4,2,20,20,20,20,20,20,20,20,
3,2,4,3,20,20,20,20,20,20,20,20,
3,2,4,4,20,20,20,20,20,20,20,20,
3,2,4,5,20,20,20,20,20,20,20,20,
3,2,5,0,20,20,20,20,20,20,20,20,
3,2,5,1,20,20,20,20,20,20,20,20,
3,2,5,2,20,20,20,20,20,20,20,20,
3,2,5,3,20,20,20,20,20,20,20,20,
3,2,5,4,20,20,20,20,20,20,20,20,
3,2,5,5,20,20,20,20,20,20,20,20,
3,3,0,0,20,20,20,20,20,20,20,20,
3,3,0,1,20,20,20,20,20,20,20,20,
3,3,0,2,20,20,20,20,20,20,20,20,
3,3,0,3,20,20,20,20,20,20,20,20,
3,3,0,4,20,20,20,20,20,20,20,20,
3,3,0,5,20,20,20,20,20,20,20,20,
3,3,1,0,20,20,20,20,20,20,20,20,
3,3,1,1,20,20,20,20,20,20,20,333,
3,3,1,2,334,20,20,20,20,20,20,20,
3,3,1,3,20,20,20,20,20,20,20,20,
3,3,1,4,20,20,20,20,20,20,20,20,
3,3,1,5,20,20,20,20,20,20,20,20,
3,3,2,0,20,20,20,20,20,20,20,20,
3,3,2,1,20,20,20,20,20,20,20,20,
3,3,2,2,20,20,20,20,20,20,334,20,
3,3,2,3,20,20,20,20,20,20,20,20,
3,3,2,4,20,20,20,20,20,20,20,20,
3,3,2,5,20,20,20,20,20,20,20,20,
3,3,3,0,20,20,20,20,20,20,20,20,
3,3,3,1,20,20,20,20,20,20,20,20,
3,3,3,2,20,3644,20,20,20,20,20,20,
3,3,3,3,20,20,20,20,20,20,20,20,
3,3,3,4,20,20,20,20,20,20,20,20,
3,3,3,5,20,20,20,20,20,20,20,20,
3,3,4,0,20,20,20,20,20,20,20,20,
3,3,4,1,20,20,20,20,20,20,20,20,
3,3,4,2,20,20,20,20,20,20,20,20,
3,3,4,3,20,20,20,3240,20,20,20,20,
3,3,4,4,20,20,20,20,20,20,20,20,
3,3,4,5,20,20,20,20,20,20,20,20,
3,3,5,0,20,20,20,20,20,20,20,20,
3,3,5,1,20,20,20,20,20,20,20,20,
3,3,5,2,20,20,20,20,20,20,20,20,
3,3,5,3,20,20,20,20,20,20,20,20,
3,3,5,4,20,20,20,20,20,20,20,20,
3,3,5,5,20,20,20,20,20,20,20,20,
3,4,0,0,20,20,20,20,20,20,20,20,
3,4,0,1,20,20,20,20,20,20,20,20,
3,4,0,2,20,20,20,20,20,20,20,20,
3,4,0,3,20,20,20,20,20,20,20,20,
3,4,0,4,20,20,20,20,20,20,20,20,
3,4,0,5,20,20,20,20,20,20,20,20,
3,4,1,0,20,20,20,20,20,20,20,20,
3,4,1,1,20,20,20,20,20,20,20,20,
3,4,1,2,20,20,20,20,20,20,20,20,
3,4,1,3,20,20,20,20,20,20,20,20,
3,4,1,4,20,20,20,20,20,20,20,20,
3,4,1,5,20,20,20,20,20,20,20,20,
3,4,2,0,20,20,20,20,20,20,20,20,
3,4,2,1,20,20,20,335,20,20,20,20,
3,4,2,2,20,20,20,20,20,20,20,20,
3,4,2,3,20,20,20,20,20,20,20,20,
3,4,2,4,20,20,20,20,20,20,20,20,
3,4,2,5,20,20,20,20,20,20,20,20,
3,4,3,0,20,20,20,20,20,20,20,20,
3,4,3,1,20,20,20,20,20,20,20,20,
3,4,3,2,20,20,20,20,20,20,20,20,
3,4,3,3,20,20,20,20,20,20,20,20,
3,4,3,4,20,20,20,20,20,20,20,20,
3,4,3,5,20,20,20,20,20,20,20,20,
3,4,4,0,20,20,20,20,20,20,20,20,
3,4,4,1,20,20,20,20,20,20,20,20,
3,4,4,2,20,20,20,20,20,20,20,20,
3,4,4,3,20,20,20,20,20,20,20,20,
3,4,4,4,20,20,20,20,20,20,20,20,
3,4,4,5,20,20,20,20,20,20,20,20,
3,4,5,0,20,20,20,20,20,20,20,20,
3,4,5,1,20,20,20,20,20,20,20,20,
3,4,5,2,20,20,20,20,20,20,20,20,
3,4,5,3,20,20,20,20,20,20,20,20,
3,4,5,4,20,20,20,20,20,20,20,20,
3,4,5,5,20,20,20,20,20,20,20,20,
3,5,0,0,20,20,20,20,20,20,20,20,
3,5,0,1,20,20,20,20,20,20,20,20,
3,5,0,2,20,20,20,20,20,20,20,20,
3,5,0,3,20,20,20,20,20,20,20,20,
3,5,0,4,20,20,20,20,20,20,20,20,
3,5,0,5,20,20,20,20,20,20,20,20,
3,5,1,0,20,20,20,20,20,20,20,20,
3,5,1,1,20,20,20,20,20,20,20,20,
3,5,1,2,20,20,20,20,20,20,20,20,
3,5,1,3,20,20,20,20,20,20,20,20,
3,5,1,4,20,20,20,20,20,20,20,20,
3,5,1,5,20,20,20,20,20,20,20,20,
3,5,2,0,20,20,20,20,20,20,20,20,
3,5,2,1,20,20,20,20,20,20,20,20,
3,5,2,2,20,20,20,20,20,20,20,20,
3,5,2,3,20,20,20,20,20,20,20,20,
3,5,2,4,20,20,20,20,20,20,20,20,
3,5,2,5,20,20,20,20,20,20,20,20,
3,5,3,0,20,20,20,20,20,20,20,20,
3,5,3,1,20,20,20,20,20,20,20,20,
3,5,3,2,20,20,20,20,20,20,20,20,
3,5,3,3,20,20,20,20,20,20,20,20,
3,5,3,4,20,20,20,20,20,20,20,20,
3,5,3,5,20,20,20,20,20,20,20,20,
3,5,4,0,20,20,20,20,20,20,20,20,
3,5,4,1,20,20,20,20,20,20,20,20,
3,5,4,2,20,20,20,20,20,20,20,20,
3,5,4,3,20,20,20,20,20,20,20,20,
3,5,4,4,20,20,20,20,20,20,20,20,
3,5,4,5,20,20,20,20,20,20,20,20,
3,5,5,0,20,20,20,20,20,20,20,20,
3,5,5,1,20,20,20,20,20,20,20,20,
3,5,5,2,20,20,20,20,20,20,20,20,
3,5,5,3,20,20,20,20,20,20,20,20,
3,5,5,4,20,20,20,20,20,20,20,20,
3,5,5,5,20,20,20,20,20,20,20,20,
4,0,0,0,20,20,20,20,20,20,20,20,
4,0,0,1,20,20,20,20,20,20,20,20,
4,0,0,2,20,20,20,20,20,20,20,20,
4,0,0,3,20,20,20,20,20,20,20,20,
4,0,0,4,20,20,20,20,20,20,20,20,
4,0,0,5,20,20,20,20,20,20,20,20,
4,0,1,0,20,20,20,20,20,20,20,20,
4,0,1,1,20,20,20,20,20,20,20,20,
4,0,1,2,20,20,20,20,20,20,20,20,
4,0,1,3,20,20,20,20,20,20,20,20,
4,0,1,4,20,20,20,20,20,20,20,20,
4,0,1,5,20,20,20,20,20,20,20,20,
4,0,2,0,20,20,20,20,20,20,20,20,
4,0,2,1,20,20,20,20,20,20,20,20,
4,0,2,2,20,20,20,20,20,20,20,20,
4,0,2,3,20,20,20,20,20,20,20,20,
4,0,2,4,20,20,20,20,20,20,20,20,
4,0,2,5,20,20,20,20,20,20,20,20,
4,0,3,0,20,20,20,20,20,20,20,20,
4,0,3,1,20,20,20,20,20,20,20,20,
4,0,3,2,20,20,20,20,20,20,20,20,
4,0,3,3,20,20,20,20,20,20,20,20,
4,0,3,4,20,20,20,20,20,20,20,20,
4,0,3,5,20,20,20,20,20,20,20,20,
4,0,4,0,20,20,20,20,20,20,20,20,
4,0,4,1,20,20,20,20,20,20,20,20,
4,0,4,2,20,20,20,20,20,20,20,20,
4,0,4,3,20,20,20,20,20,20,20,20,
4,0,4,4,20,20,20,20,20,20,20,20,
4,0,4,5,20,20,20,20,20,20,20,20,
4,0,5,0,20,20,20,20,20,20,20,20,
4,0,5,1,20,20,20,20,20,20,20,20,
4,0,5,2,20,20,20,20,20,20,20,20,
4,0,5,3,20,20,20,20,20,20,20,20,
4,0,5,4,20,20,20,20,20,20,20,20,
4,0,5,5,20,20,20,20,20,20,20,20,
4,1,0,0,20,20,20,20,20,20,20,20,
4,1,0,1,20,20,20,20,20,20,20,20,
4,1,0,2,20,20,20,20,20,20,20,20,
4,1,0,3,20,20,20,20,20,20,20,20,
4,1,0,4,20,20,20,20,20,20,20,20,
4,1,0,5,20,20,20,20,20,20,20,20,
4,1,1,0,20,20,20,20,20,20,20,20,
4,1,1,1,20,3939,20,20,20,20,20,20,
4,1,1,2,20,20,20,20,20,20,20,20,
4,1,1,3,20,20,20,20,20,20,20,20,
4,1,1,4,20,20,20,20,20,20,20,20,
4,1,1,5,20,20,20,20,20,20,20,20,
4,1,2,0,20,20,20,20,20,20,20,20,
4,1,2,1,20,20,20,20,20,20,20,20,
4,1,2,2,20,20,20,20,20,20,20,20,
4,1,2,3,20,20,20,20,20,20,20,20,
4,1,2,4,20,20,20,20,20,20,20,20,
4,1,2,5,20,20,20,20,20,20,20,20,
4,1,3,0,20,20,20,20,20,20,20,20,
4,1,3,1,20,20,20,20,20,20,20,20,
4,1,3,2,20,20,20,20,20,1090,20,20,
4,1,3,3,20,20,20,20,20,20,20,20,
4,1,3,4,20,19,20,20,20,20,20,20,
4,1,3,5,20,20,20,20,20,20,20,20,
4,1,4,0,20,20,20,20,20,20,20,20,
4,1,4,1,20,20,20,20,20,20,20,20,
4,1,4,2,20,20,20,20,20,20,20,20,
4,1,4,3,20,20,20,20,20,20,20,20,
4,1,4,4,20,20,20,20,20,20,20,20,
4,1,4,5,20,20,20,20,20,20,20,20,
4,1,5,0,20,20,20,20,20,20,20,20,
4,1,5,1,20,20,20,20,20,20,20,20,
4,1,5,2,20,20,20,20,20,20,20,20,
4,1,5,3,20,20,20,20,20,20,20,20,
4,1,5,4,20,20,20,20,20,20,20,20,
4,1,5,5,20,20,20,20,20,20,20,20,
4,2,0,0,20,20,20,20,20,20,20,20,
4,2,0,1,20,20,20,20,20,20,20,20,
4,2,0,2,20,20,20,20,20,20,20,20,
4,2,0,3,20,20,20,20,20,20,20,20,
4,2,0,4,20,20,20,20,20,20,20,20,
4,2,0,5,20,20,20,20,20,20,20,20,
4,2,1,0,20,20,20,20,20,20,20,20,
4,2,1,1,20,20,20,20,20,20,20,20,
4,2,1,2,20,20,20,20,20,20,20,20,
4,2,1,3,20,20,20,20,20,20,20,20,
4,2,1,4,20,20,20,20,20,20,20,20,
4,2,1,5,20,20,20,20,20,20,20,20,
4,2,2,0,20,20,20,20,20,20,20,20,
4,2,2,1,20,20,20,20,20,333,20,20,
4,2,2,2,20,20,20,20,20,20,20,20,
4,2,2,3,20,20,20,20,20,20,20,20,
4,2,2,4,20,20,20,20,20,20,20,20,
4,2,2,5,20,20,20,20,20,20,20,20,
4,2,3,0,20,20,20,20,20,20,20,20,
4,2,3,1,20,20,20,20,20,20,20,20,
4,2,3,2,20,20,20,20,20,20,20,20,
4,2,3,3,20,20,20,20,20,20,20,20,
4,2,3,4,20,20,20,20,20,19,20,20,
4,2,3,5,20,20,20,20,20,20,20,20,
4,2,4,0,20,20,20,20,20,20,20,20,
4,2,4,1,20,20,20,20,20,20,20,20,
4,2,4,2,20,20,20,20,20,20,20,20,
4,2,4,3,20,20,20,20,20,20,20,20,
4,2,4,4,20,20,20,20,20,20,20,20,
4,2,4,5,20,20,20,20,20,20,20,20,
4,2,5,0,20,20,20,20,20,20,20,20,
4,2,5,1,20,20,20,20,20,20,20,20,
4,2,5,2,20,20,20,20,20,20,20,20,
4,2,5,3,20,20,20,20,20,20,20,20,
4,2,5,4,20,20,20,20,20,20,20,20,
4,2,5,5,20,20,20,20,20,20,20,20,
4,3,0,0,20,20,20,20,20,20,20,20,
4,3,0,1,20,20,20,20,20,20,20,20,
4,3,0,2,20,20,20,20,20,20,20,20,
4,3,0,3,20,20,20,20,20,20,20,20,
4,3,0,4,20,20,20,20,20,20,20,20,
4,3,0,5,20,20,20,20,20,20,20,20,
4,3,1,0,20,20,20,20,20,20,20,20,
4,3,1,1,20,20,20,20,335,20,20,20,
4,3,1,2,20,20,20,20,20,20,20,20,
4,3,1,3,20,20,20,20,20,20,20,20,
4,3,1,4,20,20,20,20,20,20,20,20,
4,3,1,5,20,20,20,20,20,20,20,20,
4,3,2,0,20,20,20,20,20,20,20,20,
4,3,2,1,20,20,20,20,20,20,20,20,
4,3,2,2,20,20,20,20,20,20,20,20,
4,3,2,3,20,20,20,20,20,20,20,20,
4,3,2,4,20,20,20,20,20,20,20,20,
4,3,2,5,20,20,20,20,20,20,20,20,
4,3,3,0,20,20,20,20,20,20,20,20,
4,3,3,1,20,20,20,20,20,20,20,20,
4,3,3,2,20,20,20,20,20,20,20,20,
4,3,3,3,20,20,20,20,20,20,20,20,
4,3,3,4,20,20,20,20,20,20,20,20,
4,3,3,5,20,20,20,20,20,20,20,20,
4,3,4,0,20,20,20,20,20,20,20,20,
4,3,4,1,20,20,20,20,20,20,20,20,
4,3,4,2,20,20,20,20,20,20,20,20,
4,3,4,3,20,20,20,20,20,20,20,20,
4,3,4,4,20,20,20,20,20,20,20,20,
4,3,4,5,20,20,20,20,20,20,20,20,
4,3,5,0,20,20,20,20,20,20,20,20,
4,3,5,1,20,20,20,20,20,20,20,20,
4,3,5,2,20,20,20,20,20,20,20,20,
4,3,5,3,20,20,20,20,20,20,20,20,
4,3,5,4,20,20,20,20,20,20,20,20,
4,3,5,5,20,20,20,20,20,20,20,20,
4,4,0,0,20,20,20,20,20,20,20,20,
4,4,0,1,20,20,20,20,20,20,20,20,
4,4,0,2,20,20,20,20,20,20,20,20,
4,4,0,3,20,20,20,20,20,20,20,20,
4,4,0,4,20,20,20,20,20,20,20,20,
4,4,0,5,20,20,20,20,20,20,20,20,
4,4,1,0,20,20,20,20,20,20,20,20,
4,4,1,1,20,334,20,20,20,20,20,20,
4,4,1,2,335,20,20,20,20,20,20,20,
4,4,1,3,20,20,20,20,20,20,20,20,
4,4,1,4,20,20,20,20,20,20,20,20,
4,4,1,5,20,20,20,20,20,20,20,20,
4,4,2,0,20,20,20,20,20,20,20,20,
4,4,2,1,20,20,20,20,20,20,20,20,
4,4,2,2,20,20,20,20,20,20,20,20,
4,4,2,3,20,20,20,20,20,20,20,20,
4,4,2,4,20,20,20,20,20,20,20,20,
4,4,2,5,20,20,20,20,20,20,20,20,
4,4,3,0,20,20,20,20,20,20,20,20,
4,4,3,1,20,20,20,20,20,20,20,20,
4,4,3,2,20,20,20,20,20,20,20,20,
4,4,3,3,20,20,20,20,20,20,20,20,
4,4,3,4,20,20,20,20,20,20,20,20,
4,4,3,5,20,20,20,20,20,20,20,20,
4,4,4,0,20,20,20,20,20,20,20,20,
4,4,4,1,20,20,20,20,20,20,20,20,
4,4,4,2,20,20,20,20,20,20,20,20,
4,4,4,3,20,20,20,20,20,20,20,20,
4,4,4,4,20,20,20,20,20,20,20,20,
4,4,4,5,20,20,20,20,20,20,20,20,
4,4,5,0,20,20,20,20,20,20,20,20,
4,4,5,1,20,20,20,20,20,20,20,20,
4,4,5,2,20,20,20,20,20,20,20,20,
4,4,5,3,20,20,20,20,20,20,20,20,
4,4,5,4,20,20,20,20,20,20,20,20,
4,4,5,5,20,20,20,20,20,20,20,20,
4,5,0,0,20,20,20,20,20,20,20,20,
4,5,0,1,20,20,20,20,20,20,20,20,
4,5,0,2,20,20,20,20,20,20,20,20,
4,5,0,3,20,20,20,20,20,20,20,20,
4,5,0,4,20,20,20,20,20,20,20,20,
4,5,0,5,20,20,20,20,20,20,20,20,
4,5,1,0,20,20,20,20,20,20,20,20,
4,5,1,1,20,20,20,20,20,20,20,20,
4,5,1,2,20,20,20,20,20,20,20,20,
4,5,1,3,20,20,20,20,20,20,20,20,
4,5,1,4,20,20,20,20,20,20,20,20,
4,5,1,5,20,20,20,20,20,20,20,20,
4,5,2,0,20,20,20,20,20,20,20,20,
4,5,2,1,20,20,20,20,20,20,20,20,
4,5,2,2,20,20,20,20,20,20,20,20,
4,5,2,3,20,20,20,20,20,20,20,20,
4,5,2,4,20,20,20,20,20,20,20,20,
4,5,2,5,20,20,20,20,20,20,20,20,
4,5,3,0,20,20,20,20,20,20,20,20,
4,5,3,1,20,20,20,20,20,20,20,20,
4,5,3,2,20,20,20,20,20,20,20,20,
4,5,3,3,20,20,20,20,20,20,20,20,
4,5,3,4,20,20,20,20,20,20,20,20,
4,5,3,5,20,20,20,20,20,20,20,20,
4,5,4,0,20,20,20,20,20,20,20,20,
4,5,4,1,20,20,20,20,20,20,20,20,
4,5,4,2,20,20,20,20,20,20,20,20,
4,5,4,3,20,20,20,20,20,20,20,20,
4,5,4,4,20,20,20,20,20,20,20,20,
4,5,4,5,20,20,20,20,20,20,20,20,
4,5,5,0,20,20,20,20,20,20,20,20,
4,5,5,1,20,20,20,20,20,20,20,20,
4,5,5,2,20,20,20,20,20,20,20,20,
4,5,5,3,20,20,20,20,20,20,20,20,
4,5,5,4,20,20,20,20,20,20,20,20,
4,5,5,5,20,20,20,20,20,20,20,20,
5,0,0,0,20,20,20,20,20,20,20,20,
5,0,0,1,20,20,20,20,20,20,20,20,
5,0,0,2,20,20,20,20,20,20,20,20,
5,0,0,3,20,20,20,20,20,20,20,20,
5,0,0,4,20,20,20,20,20,20,20,20,
5,0,0,5,20,20,20,20,20,20,20,20,
5,0,1,0,20,20,20,20,20,20,20,20,
5,0,1,1,20,20,20,20,20,20,20,20,
5,0,1,2,20,20,20,20,20,20,20,20,
5,0,1,3,20,20,20,20,20,20,20,20,
5,0,1,4,20,20,20,20,20,20,20,20,
5,0,1,5,20,20,20,20,20,20,20,20,
5,0,2,0,20,20,20,20,20,20,20,20,
5,0,2,1,20,20,20,20,20,20,20,20,
5,0,2,2,20,20,20,20,20,20,20,20,
5,0,2,3,20,20,20,20,20,20,20,20,
5,0,2,4,20,20,20,20,20,20,20,20,
5,0,2,5,20,20,20,20,20,20,20,20,
5,0,3,0,20,20,20,20,20,20,20,20,
5,0,3,1,20,20,20,20,20,20,20,20,
5,0,3,2,20,20,20,20,20,20,20,20,
5,0,3,3,20,20,20,20,20,20,20,20,
5,0,3,4,20,20,20,20,20,20,20,20,
5,0,3,5,20,20,20,20,20,20,20,20,
5,0,4,0,20,20,20,20,20,20,20,20,
5,0,4,1,20,20,20,20,20,20,20,20,
5,0,4,2,20,20,20,20,20,20,20,20,
5,0,4,3,20,20,20,20,20,20,20,20,
5,0,4,4,20,20,20,20,20,20,20,20,
5,0,4,5,20,20,20,20,20,20,20,20,
5,0,5,0,20,20,20,20,20,20,20,20,
5,0,5,1,20,20,20,20,20,20,20,20,
5,0,5,2,20,20,20,20,20,20,20,20,
5,0,5,3,20,20,20,20,20,20,20,20,
5,0,5,4,20,20,20,20,20,20,20,20,
5,0,5,5,20,20,20,20,20,20,20,20,
5,1,0,0,20,20,20,20,20,20,20,20,
5,1,0,1,20,20,20,20,20,20,20,20,
5,1,0,2,20,20,20,20,20,20,20,20,
5,1,0,3,20,20,20,20,20,20,20,20,
5,1,0,4,20,20,20,20,20,20,20,20,
5,1,0,5,20,20,20,20,20,20,20,20,
5,1,1,0,20,20,20,20,20,20,20,20,
5,1,1,1,20,20,20,20,20,20,20,20,
5,1,1,2,20,20,20,20,20,20,20,20,
5,1,1,3,20,20,20,20,20,20,20,20,
5,1,1,4,20,20,20,20,20,20,20,20,
5,1,1,5,20,20,20,20,20,20,20,20,
5,1,2,0,20,20,20,20,20,20,20,20,
5,1,2,1,20,20,20,20,20,20,20,20,
5,1,2,2,20,20,20,20,20,20,20,20,
5,1,2,3,20,20,20,20,20,20,20,20,
5,1,2,4,20,20,20,20,20,20,20,20,
5,1,2,5,20,20,20,20,20,20,20,20,
5,1,3,0,20,20,20,20,20,20,20,20,
5,1,3,1,20,20,20,20,20,20,20,20,
5,1,3,2,20,20,20,20,20,20,20,20,
5,1,3,3,20,20,20,20,20,20,20,20,
5,1,3,4,20,20,20,20,20,20,20,20,
5,1,3,5,20,20,20,20,20,20,20,20,
5,1,4,0,20,20,20,20,20,20,20,20,
5,1,4,1,20,20,20,20,20,20,20,20,
5,1,4,2,20,20,20,20,20,20,20,20,
5,1,4,3,20,20,20,20,20,20,20,20,
5,1,4,4,20,20,20,20,20,20,20,20,
5,1,4,5,20,20,20,20,20,20,20,20,
5,1,5,0,20,20,20,20,20,20,20,20,
5,1,5,1,20,20,20,20,20,20,20,20,
5,1,5,2,20,20,20,20,20,20,20,20,
5,1,5,3,20,20,20,20,20,20,20,20,
5,1,5,4,20,20,20,20,20,20,20,20,
5,1,5,5,20,20,20,20,20,20,20,20,
5,2,0,0,20,20,20,20,20,20,20,20,
5,2,0,1,20,20,20,20,20,20,20,20,
5,2,0,2,20,20,20,20,20,20,20,20,
5,2,0,3,20,20,20,20,20,20,20,20,
5,2,0,4,20,20,20,20,20,20,20,20,
5,2,0,5,20,20,20,20,20,20,20,20,
5,2,1,0,20,20,20,20,20,20,20,20,
5,2,1,1,20,20,20,20,20,20,20,20,
5,2,1,2,20,20,20,20,20,20,20,20,
5,2,1,3,20,20,20,20,20,20,20,20,
5,2,1,4,20,20,20,20,20,20,20,20,
5,2,1,5,20,20,20,20,20,20,20,20,
5,2,2,0,20,20,20,20,20,20,20,20,
5,2,2,1,20,20,20,20,20,20,20,20,
5,2,2,2,20,20,20,20,20,20,20,20,
5,2,2,3,20,20,20,20,20,20,20,20,
5,2,2,4,20,20,20,20,20,20,20,20,
5,2,2,5,20,20,20,20,20,20,20,20,
5,2,3,0,20,20,20,20,20,20,20,20,
5,2,3,1,20,20,20,20,20,20,20,20,
5,2,3,2,20,20,20,20,20,20,20,20,
5,2,3,3,20,20,20,20,20,20,20,20,
5,2,3,4,20,20,20,20,20,20,20,20,
5,2,3,5,20,20,20,20,20,20,20,20,
5,2,4,0,20,20,20,20,20,20,20,20,
5,2,4,1,20,20,20,20,20,20,20,20,
5,2,4,2,20,20,20,20,20,20,20,20,
5,2,4,3,20,20,20,20,20,20,20,20,
5,2,4,4,20,20,20,20,20,20,20,20,
5,2,4,5,20,20,20,20,20,20,20,20,
5,2,5,0,20,20,20,20,20,20,20,20,
5,2,5,1,20,20,20,20,20,20,20,20,
5,2,5,2,20,20,20,20,20,20,20,20,
5,2,5,3,20,20,20,20,20,20,20,20,
5,2,5,4,20,20,20,20,20,20,20,20,
5,2,5,5,20,20,20,20,20,20,20,20,
5,3,0,0,20,20,20,20,20,20,20,20,
5,3,0,1,20,20,20,20,20,20,20,20,
5,3,0,2,20,20,20,20,20,20,20,20,
5,3,0,3,20,20,20,20,20,20,20,20,
5,3,0,4,20,20,20,20,20,20,20,20,
5,3,0,5,20,20,20,20,20,20,20,20,
5,3,1,0,20,20,20,20,20,20,20,20,
5,3,1,1,20,20,20,20,20,20,20,20,
5,3,1,2,20,20,20,20,20,20,20,20,
5,3,1,3,20,20,20,20,20,20,20,20,
5,3,1,4,20,20,20,20,20,20,20,20,
5,3,1,5,20,20,20,20,20,20,20,20,
5,3,2,0,20,20,20,20,20,20,20,20,
5,3,2,1,20,20,20,20,20,20,20,20,
5,3,2,2,20,20,20,20,20,20,20,20,
5,3,2,3,20,20,20,20,20,20,20,20,
5,3,2,4,20,20,20,20,20,20,20,20,
5,3,2,5,20,20,20,20,20,20,20,20,
5,3,3,0,20,20,20,20,20,20,20,20,
5,3,3,1,20,20,20,20,20,20,20,20,
5,3,3,2,20,20,20,20,20,20,20,20,
5,3,3,3,20,20,20,20,20,20,20,20,
5,3,3,4,20,20,20,20,20,20,20,20,
5,3,3,5,20,20,20,20,20,20,20,20,
5,3,4,0,20,20,20,20,20,20,20,20,
5,3,4,1,20,20,20,20,20,20,20,20,
5,3,4,2,20,20,20,20,20,20,20,20,
5,3,4,3,20,20,20,20,20,20,20,20,
5,3,4,4,20,20,20,20,20,20,20,20,
5,3,4,5,20,20,20,20,20,20,20,20,
5,3,5,0,20,20,20,20,20,20,20,20,
5,3,5,1,20,20,20,20,20,20,20,20,
5,3,5,2,20,20,20,20,20,20,20,20,
5,3,5,3,20,20,20,20,20,20,20,20,
5,3,5,4,20,20,20,20,20,20,20,20,
5,3,5,5,20,20,20,20,20,20,20,20,
5,4,0,0,20,20,20,20,20,20,20,20,
5,4,0,1,20,20,20,20,20,20,20,20,
5,4,0,2,20,20,20,20,20,20,20,20,
5,4,0,3,20,20,20,20,20,20,20,20,
5,4,0,4,20,20,20,20,20,20,20,20,
5,4,0,5,20,20,20,20,20,20,20,20,
5,4,1,0,20,20,20,20,20,20,20,20,
5,4,1,1,20,20,20,20,20,20,20,20,
5,4,1,2,20,20,20,20,20,20,20,20,
5,4,1,3,20,20,20,20,20,20,20,20,
5,4,1,4,20,20,20,20,20,20,20,20,
5,4,1,5,20,20,20,20,20,20,20,20,
5,4,2,0,20,20,20,20,20,20,20,20,
5,4,2,1,20,20,20,20,20,20,20,20,
5,4,2,2,20,20,20,20,20,20,20,20,
5,4,2,3,20,20,20,20,20,20,20,20,
5,4,2,4,20,20,20,20,20,20,20,20,
5,4,2,5,20,20,20,20,20,20,20,20,
5,4,3,0,20,20,20,20,20,20,20,20,
5,4,3,1,20,20,20,20,20,20,20,20,
5,4,3,2,20,20,20,20,20,20,20,20,
5,4,3,3,20,20,20,20,20,20,20,20,
5,4,3,4,20,20,20,20,20,20,20,20,
5,4,3,5,20,20,20,20,20,20,20,20,
5,4,4,0,20,20,20,20,20,20,20,20,
5,4,4,1,20,20,20,20,20,20,20,20,
5,4,4,2,20,20,20,20,20,20,20,20,
5,4,4,3,20,20,20,20,20,20,20,20,
5,4,4,4,20,20,20,20,20,20,20,20,
5,4,4,5,20,20,20,20,20,20,20,20,
5,4,5,0,20,20,20,20,20,20,20,20,
5,4,5,1,20,20,20,20,20,20,20,20,
5,4,5,2,20,20,20,20,20,20,20,20,
5,4,5,3,20,20,20,20,20,20,20,20,
5,4,5,4,20,20,20,20,20,20,20,20,
5,4,5,5,20,20,20,20,20,20,20,20,
5,5,0,0,20,20,20,20,20,20,20,20,
5,5,0,1,20,20,20,20,20,20,20,20,
5,5,0,2,20,20,20,20,20,20,20,20,
5,5,0,3,20,20,20,20,20,20,20,20,
5,5,0,4,20,20,20,20,20,20,20,20,
5,5,0,5,20,20,20,20,20,20,20,20,
5,5,1,0,20,20,20,20,20,20,20,20,
5,5,1,1,20,20,20,20,20,20,20,20,
5,5,1,2,20,20,20,20,20,20,20,20,
5,5,1,3,20,20,20,20,20,20,20,20,
5,5,1,4,20,20,20,20,20,20,20,20,
5,5,1,5,20,20,20,20,20,20,20,20,
5,5,2,0,20,20,20,20,20,20,20,20,
5,5,2,1,20,20,20,20,20,20,20,20,
5,5,2,2,20,20,20,20,20,20,20,20,
5,5,2,3,20,20,20,20,20,20,20,20,
5,5,2,4,20,20,20,20,20,20,20,20,
5,5,2,5,20,20,20,20,20,20,20,20,
5,5,3,0,20,20,20,20,20,20,20,20,
5,5,3,1,20,20,20,20,20,20,20,20,
5,5,3,2,20,20,20,20,20,20,20,20,
5,5,3,3,20,20,20,20,20,20,20,20,
5,5,3,4,20,20,20,20,20,20,20,20,
5,5,3,5,20,20,20,20,20,20,20,20,
5,5,4,0,20,20,20,20,20,20,20,20,
5,5,4,1,20,20,20,20,20,20,20,20,
5,5,4,2,20,20,20,20,20,20,20,20,
5,5,4,3,20,20,20,20,20,20,20,20,
5,5,4,4,20,20,20,20,20,20,20,20,
5,5,4,5,20,20,20,20,20,20,20,20,
5,5,5,0,20,20,20,20,20,20,20,20,
5,5,5,1,20,20,20,20,20,20,20,20,
5,5,5,2,20,20,20,20,20,20,20,20,
5,5,5,3,20,20,20,20,20,20,20,20,
5,5,5,4,20,20,20,20,20,20,20,20,
5,5,5,5,20,20,20,20,20,20,20,20,
0,0,0,0,20,20,20,20,20,20,20,20,
0,0,0,0,20,20,20,20,20,20,20,20,
0,0,-1,-1,20,20,20,20,20,20,20,20,
0,1,-1,-1,20,20,20,20,20,20,20,20,
0,2,-1,-1,20,20,20,20,20,20,20,20,
0,3,-1,-1,20,20,20,20,20,20,20,20,
0,4,-1,-1,20,20,20,20,20,20,20,20,
0,5,-1,-1,20,20,20,20,20,20,20,20,
1,0,-1,-1,20,20,20,20,20,20,20,20,
1,1,-1,-1,20,20,20,20,20,20,20,20,
1,2,-1,-1,20,20,20,20,20,20,20,20,
1,3,-1,-1,20,20,20,20,20,20,20,20,
1,4,-1,-1,20,20,20,20,20,20,20,20,
1,5,-1,-1,20,20,20,20,20,20,20,20,
2,0,-1,-1,20,20,20,20,20,20,20,20,
2,1,-1,-1,20,20,20,20,20,20,20,20,
2,2,-1,-1,20,20,20,20,20,20,20,20,
2,3,-1,-1,20,20,20,20,20,20,20,20,
2,4,-1,-1,20,20,20,20,20,20,20,20,
2,5,-1,-1,20,20,20,20,20,20,20,20,
3,0,-1,-1,20,20,20,20,20,20,20,20,
3,1,-1,-1,20,20,20,20,20,20,20,20,
3,2,-1,-1,20,20,20,20,20,20,20,20,
3,3,-1,-1,20,20,20,20,20,20,20,20,
3,4,-1,-1,20,20,20,20,20,20,20,20,
3,5,-1,-1,20,20,20,20,20,20,20,20,
4,0,-1,-1,20,20,20,20,20,20,20,20,
4,1,-1,-1,20,20,20,20,20,20,20,20,
4,2,-1,-1,20,20,20,20,20,20,20,20,
4,3,-1,-1,20,20,20,20,20,20,20,20,
4,4,-1,-1,20,20,20,20,20,20,20,20,
4,5,-1,-1,20,20,20,20,20,20,20,20,
5,0,-1,-1,20,20,20,20,20,20,20,20,
5,1,-1,-1,20,20,20,20,20,20,20,20,
5,2,-1,-1,20,20,20,20,20,20,20,20,
5,3,-1,-1,20,20,20,20,20,20,20,20,
5,4,-1,-1,20,20,20,20,20,20,20,20,
5,5,-1,-1,20,20,20,20,20,20,20,20,
