0,0,0,1,20,20,20,20,20,20,20,20,
0,0,0,2,20,20,20,20,20,20,20,20,
0,0,0,3,20,20,20,20,20,20,20,20,
0,0,0,4,20,20,20,20,20,20,20,20,
0,0,0,5,20,20,20,20,20,20,20,20,
0,0,1,0,20,20,20,20,20,20,20,20,
0,0,1,1,20,20,20,20,20,20,20,20,
0,0,1,2,20,20,20,20,20,20,20,20,
0,0,1,3,20,20,20,20,20,20,20,20,
0,0,1,4,20,20,20,20,20,20,20,20,
0,0,1,5,20,20,20,20,20,20,20,20,
0,0,2,0,20,20,20,20,20,20,20,20,
0,0,2,1,20,20,20,20,20,20,20,20,
0,0,2,2,20,20,20,20,20,20,20,20,
0,0,2,3,20,20,20,20,20,20,20,20,
0,0,2,4,20,20,20,20,20,20,20,20,
0,0,2,5,20,20,20,20,20,20,20,20,
0,0,3,0,20,20,20,20,20,20,20,20,
0,0,3,1,20,20,20,20,20,20,20,20,
0,0,3,2,20,20,20,20,20,20,20,20,
0,0,3,3,20,20,20,20,20,20,20,20,
0,0,3,4,20,20,20,20,20,20,20,20,
0,0,3,5,20,20,20,20,20,20,20,20,
0,0,4,0,20,20,20,20,20,20,20,20,
0,0,4,1,20,20,20,20,20,20,20,20,
0,0,4,2,20,20,20,20,20,20,20,20,
0,0,4,3,20,20,20,20,20,20,20,20,
0,0,4,4,20,20,20,20,20,20,20,20,
0,0,4,5,20,20,20,20,20,20,20,20,
0,0,5,0,20,20,20,20,20,20,20,20,
0,0,5,1,20,20,20,20,20,20,20,20,
0,0,5,2,20,20,20,20,20,20,20,20,
0,0,5,3,20,20,20,20,20,20,20,20,
0,0,5,4,20,20,20,20,20,20,20,20,
0,0,5,5,20,20,20,20,20,20,20,20,
0,1,0,0,20,20,20,20,20,20,20,20,
0,1,0,1,20,20,20,20,20,20,20,20,
0,1,0,2,20,20,20,20,20,20,20,20,
0,1,0,3,20,20,20,20,20,20,20,20,
0,1,0,4,20,20,20,20,20,20,20,20,
0,1,0,5,20,20,20,20,20,20,20,20,
0,1,1,0,20,20,20,20,20,20,20,20,
0,1,1,1,20,20,20,20,20,20,20,20,
0,1,1,2,20,20,20,20,20,20,20,20,
0,1,1,3,20,20,20,20,20,20,20,20,
0,1,1,4,20,20,20,20,20,20,20,20,
0,1,1,5,20,20,20,20,20,20,20,20,
0,1,2,0,20,20,20,20,20,20,20,20,
0,1,2,1,20,20,20,20,20,20,20,20,
0,1,2,2,20,20,20,20,20,20,20,20,
0,1,2,3,20,20,20,20,20,20,20,20,
0,1,2,4,20,20,20,20,20,20,20,20,
0,1,2,5,20,20,20,20,20,20,20,20,
0,1,3,0,20,20,20,20,20,20,20,20,
0,1,3,1,20,20,20,20,20,20,20,20,
0,1,3,2,20,20,20,20,20,20,20,20,
0,1,3,3,20,20,20,20,20,20,20,20,
0,1,3,4,20,20,20,20,20,20,20,20,
0,1,3,5,20,20,20,20,20,20,20,20,
0,1,4,0,20,20,20,20,20,20,20,20,
0,1,4,1,20,20,20,20,20,20,20,20,
0,1,4,2,20,20,20,20,20,20,20,20,
0,1,4,3,20,20,20,20,20,20,20,20,
0,1,4,4,20,20,20,20,20,20,20,20,
0,1,4,5,20,20,20,20,20,20,20,20,
0,1,5,0,20,20,20,20,20,20,20,20,
0,1,5,1,20,20,20,20,20,20,20,20,
0,1,5,2,20,20,20,20,20,20,20,20,
0,1,5,3,20,20,20,20,20,20,20,20,
0,1,5,4,20,20,20,20,20,20,20,20,
0,1,5,5,20,20,20,20,20,20,20,20,
0,2,0,0,20,20,20,20,20,20,20,20,
0,2,0,1,20,20,20,20,20,20,20,20,
0,2,0,2,20,20,20,20,20,20,20,20,
0,2,0,3,20,20,20,20,20,20,20,20,
0,2,0,4,20,20,20,20,20,20,20,20,
0,2,0,5,20,20,20,20,20,20,20,20,
0,2,1,0,20,20,20,20,20,20,20,20,
0,2,1,1,20,20,20,20,20,20,20,20,
0,2,1,2,20,20,20,20,20,20,20,20,
0,2,1,3,20,20,20,20,20,20,20,20,
0,2,1,4,20,20,20,20,20,20,20,20,
0,2,1,5,20,20,20,20,20,20,20,20,
0,2,2,0,20,20,20,20,20,20,20,20,
0,2,2,1,20,20,20,20,20,20,20,20,
0,2,2,2,20,20,20,20,20,20,20,20,
0,2,2,3,20,20,20,20,20,20,20,20,
0,2,2,4,20,20,20,20,20,20,20,20,
0,2,2,5,20,20,20,20,20,20,20,20,
0,2,3,0,20,20,20,20,20,20,20,20,
0,2,3,1,20,20,20,20,20,20,20,20,
0,2,3,2,20,20,20,20,20,20,20,20,
0,2,3,3,20,20,20,20,20,20,20,20,
0,2,3,4,20,20,20,20,20,20,20,20,
0,2,3,5,20,20,20,20,20,20,20,20,
0,2,4,0,20,20,20,20,20,20,20,20,
0,2,4,1,20,20,20,20,20,20,20,20,
0,2,4,2,20,20,20,20,20,20,20,20,
0,2,4,3,20,20,20,20,20,20,20,20,
0,2,4,4,20,20,20,20,20,20,20,20,
0,2,4,5,20,20,20,20,20,20,20,20,
0,2,5,0,20,20,20,20,20,20,20,20,
0,2,5,1,20,20,20,20,20,20,20,20,
0,2,5,2,20,20,20,20,20,20,20,20,
0,2,5,3,20,20,20,20,20,20,20,20,
0,2,5,4,20,20,20,20,20,20,20,20,
0,2,5,5,20,20,20,20,20,20,20,20,
0,3,0,0,20,20,20,20,20,20,20,20,
0,3,0,1,20,20,20,20,20,20,20,20,
0,3,0,2,20,20,20,20,20,20,20,20,
0,3,0,3,20,20,20,20,20,20,20,20,
0,3,0,4,20,20,20,20,20,20,20,20,
0,3,0,5,20,20,20,20,20,20,20,20,
0,3,1,0,20,20,20,20,20,20,20,20,
0,3,1,1,20,20,20,20,20,20,20,20,
0,3,1,2,20,20,20,20,20,20,20,20,
0,3,1,3,20,20,20,20,20,20,20,20,
0,3,1,4,20,20,20,20,20,20,20,20,
0,3,1,5,20,20,20,20,20,20,20,20,
0,3,2,0,20,20,20,20,20,20,20,20,
0,3,2,1,20,20,20,20,20,20,20,20,
0,3,2,2,20,20,20,20,20,20,20,20,
0,3,2,3,20,20,20,20,20,20,20,20,
0,3,2,4,20,20,20,20,20,20,20,20,
0,3,2,5,20,20,20,20,20,20,20,20,
0,3,3,0,20,20,20,20,20,20,20,20,
0,3,3,1,20,20,20,20,20,20,20,20,
0,3,3,2,20,20,20,20,20,20,20,20,
0,3,3,3,20,20,20,20,20,20,20,20,
0,3,3,4,20,20,20,20,20,20,20,20,
0,3,3,5,20,20,20,20,20,20,20,20,
0,3,4,0,20,20,20,20,20,20,20,20,
0,3,4,1,20,20,20,20,20,20,20,20,
0,3,4,2,20,20,20,20,20,20,20,20,
0,3,4,3,20,20,20,20,20,20,20,20,
0,3,4,4,20,20,20,20,20,20,20,20,
0,3,4,5,20,20,20,20,20,20,20,20,
0,3,5,0,20,20,20,20,20,20,20,20,
0,3,5,1,20,20,20,20,20,20,20,20,
0,3,5,2,20,20,20,20,20,20,20,20,
0,3,5,3,20,20,20,20,20,20,20,20,
0,3,5,4,20,20,20,20,20,20,20,20,
0,3,5,5,20,20,20,20,20,20,20,20,
0,4,0,0,20,20,20,20,20,20,20,20,
0,4,0,1,20,20,20,20,20,20,20,20,
0,4,0,2,20,20,20,20,20,20,20,20,
0,4,0,3,20,20,20,20,20,20,20,20,
0,4,0,4,20,20,20,20,20,20,20,20,
0,4,0,5,20,20,20,20,20,20,20,20,
0,4,1,0,20,20,20,20,20,20,20,20,
0,4,1,1,20,20,20,20,20,20,20,20,
0,4,1,2,20,20,20,20,20,20,20,20,
0,4,1,3,20,20,20,20,20,20,20,20,
0,4,1,4,20,20,20,20,20,20,20,20,
0,4,1,5,20,20,20,20,20,20,20,20,
0,4,2,0,20,20,20,20,20,20,20,20,
0,4,2,1,20,20,20,20,20,20,20,20,
0,4,2,2,20,20,20,20,20,20,20,20,
0,4,2,3,20,20,20,20,20,20,20,20,
0,4,2,4,20,20,20,20,20,20,20,20,
0,4,2,5,20,20,20,20,20,20,20,20,
0,4,3,0,20,20,20,20,20,20,20,20,
0,4,3,1,20,20,20,20,20,20,20,20,
0,4,3,2,20,20,20,20,20,20,20,20,
0,4,3,3,20,20,20,20,20,20,20,20,
0,4,3,4,20,20,20,20,20,20,20,20,
0,4,3,5,20,20,20,20,20,20,20,20,
0,4,4,0,20,20,20,20,20,20,20,20,
0,4,4,1,20,20,20,20,20,20,20,20,
0,4,4,2,20,20,20,20,20,20,20,20,
0,4,4,3,20,20,20,20,20,20,20,20,
0,4,4,4,20,20,20,20,20,20,20,20,
0,4,4,5,20,20,20,20,20,20,20,20,
0,4,5,0,20,20,20,20,20,20,20,20,
0,4,5,1,20,20,20,20,20,20,20,20,
0,4,5,2,20,20,20,20,20,20,20,20,
0,4,5,3,20,20,20,20,20,20,20,20,
0,4,5,4,20,20,20,20,20,20,20,20,
0,4,5,5,20,20,20,20,20,20,20,20,
0,5,0,0,20,20,20,20,20,20,20,20,
0,5,0,1,20,20,20,20,20,20,20,20,
0,5,0,2,20,20,20,20,20,20,20,20,
0,5,0,3,20,20,20,20,20,20,20,20,
0,5,0,4,20,20,20,20,20,20,20,20,
0,5,0,5,20,20,20,20,20,20,20,20,
0,5,1,0,20,20,20,20,20,20,20,20,
0,5,1,1,20,20,20,20,20,20,20,20,
0,5,1,2,20,20,20,20,20,20,20,20,
0,5,1,3,20,20,20,20,20,20,20,20,
0,5,1,4,20,20,20,20,20,20,20,20,
0,5,1,5,20,20,20,20,20,20,20,20,
0,5,2,0,20,20,20,20,20,20,20,20,
0,5,2,1,20,20,20,20,20,20,20,20,
0,5,2,2,20,20,20,20,20,20,20,20,
0,5,2,3,20,20,20,20,20,20,20,20,
0,5,2,4,20,20,20,20,20,20,20,20,
0,5,2,5,20,20,20,20,20,20,20,20,
0,5,3,0,20,20,20,20,20,20,20,20,
0,5,3,1,20,20,20,20,20,20,20,20,
0,5,3,2,20,20,20,20,20,20,20,20,
0,5,3,3,20,20,20,20,20,20,20,20,
0,5,3,4,20,20,20,20,20,20,20,20,
0,5,3,5,20,20,20,20,20,20,20,20,
0,5,4,0,20,20,20,20,20,20,20,20,
0,5,4,1,20,20,20,20,20,20,20,20,
0,5,4,2,20,20,20,20,20,20,20,20,
0,5,4,3,20,20,20,20,20,20,20,20,
0,5,4,4,20,20,20,20,20,20,20,20,
0,5,4,5,20,20,20,20,20,20,20,20,
0,5,5,0,20,20,20,20,20,20,20,20,
0,5,5,1,20,20,20,20,20,20,20,20,
0,5,5,2,20,20,20,20,20,20,20,20,
0,5,5,3,20,20,20,20,20,20,20,20,
0,5,5,4,20,20,20,20,20,20,20,20,
0,5,5,5,20,20,20,20,20,20,20,20,
1,0,0,0,20,20,20,20,20,20,20,20,
1,0,0,1,20,20,20,20,20,20,20,20,
1,0,0,2,20,20,20,20,20,20,20,20,
1,0,0,3,20,20,20,20,20,20,20,20,
1,0,0,4,20,20,20,20,20,20,20,20,
1,0,0,5,20,20,20,20,20,20,20,20,
1,0,1,0,20,20,20,20,20,20,20,20,
1,0,1,1,20,20,20,20,20,20,20,20,
1,0,1,2,20,20,20,20,20,20,20,20,
1,0,1,3,20,20,20,20,20,20,20,20,
1,0,1,4,20,20,20,20,20,20,20,20,
1,0,1,5,20,20,20,20,20,20,20,20,
1,0,2,0,20,20,20,20,20,20,20,20,
1,0,2,1,20,20,20,20,20,20,20,20,
1,0,2,2,20,20,20,20,20,20,20,20,
1,0,2,3,20,20,20,20,20,20,20,20,
1,0,2,4,20,20,20,20,20,20,20,20,
1,0,2,5,20,20,20,20,20,20,20,20,
1,0,3,0,20,20,20,20,20,20,20,20,
1,0,3,1,20,20,20,20,20,20,20,20,
1,0,3,2,20,20,20,20,20,20,20,20,
1,0,3,3,20,20,20,20,20,20,20,20,
1,0,3,4,20,20,20,20,20,20,20,20,
1,0,3,5,20,20,20,20,20,20,20,20,
1,0,4,0,20,20,20,20,20,20,20,20,
1,0,4,1,20,20,20,20,20,20,20,20,
1,0,4,2,20,20,20,20,20,20,20,20,
1,0,4,3,20,20,20,20,20,20,20,20,
1,0,4,4,20,20,20,20,20,20,20,20,
1,0,4,5,20,20,20,20,20,20,20,20,
1,0,5,0,20,20,20,20,20,20,20,20,
1,0,5,1,20,20,20,20,20,20,20,20,
1,0,5,2,20,20,20,20,20,20,20,20,
1,0,5,3,20,20,20,20,20,20,20,20,
1,0,5,4,20,20,20,20,20,20,20,20,
1,0,5,5,20,20,20,20,20,20,20,20,
1,1,0,0,20,20,20,20,20,20,20,20,
1,1,0,1,20,20,20,20,20,20,20,20,
1,1,0,2,20,20,20,20,20,20,20,20,
1,1,0,3,20,20,20,20,20,20,20,20,
1,1,0,4,20,20,20,20,20,20,20,20,
1,1,0,5,20,20,20,20,20,20,20,20,
1,1,1,0,20,20,20,20,20,20,20,20,
1,1,1,1,20,20,20,20,20,20,20,20,
1,1,1,2,20,20,20,20,20,20,20,20,
1,1,1,3,20,20,20,-295,20,20,20,20,
1,1,1,4,20,20,20,20,20,20,20,20,
1,1,1,5,20,20,20,20,20,20,20,20,
1,1,2,0,20,20,20,20,20,20,20,20,
1,1,2,1,20,20,20,20,20,20,20,20,
1,1,2,2,20,20,20,20,20,20,20,20,
1,1,2,3,20,20,20,20,20,20,20,20,
1,1,2,4,20,20,20,20,20,20,20,20,
1,1,2,5,20,20,20,20,20,20,20,20,
1,1,3,0,20,20,20,20,20,20,20,20,
1,1,3,1,20,20,20,-3901,20,20,20,20,
1,1,3,2,20,20,20,-297,20,20,20,20,
1,1,3,3,20,20,20,20,20,20,20,20,
1,1,3,4,20,20,20,-297,20,20,20,20,
1,1,3,5,20,20,20,20,20,20,20,20,
1,1,4,0,20,20,20,20,20,20,20,20,
1,1,4,1,20,20,20,20,20,20,20,20,
1,1,4,2,20,20,20,-295,20,20,20,20,
1,1,4,3,20,20,20,20,20,20,20,20,
1,1,4,4,20,20,20,20,20,20,20,20,
1,1,4,5,20,20,20,20,20,20,20,20,
1,1,5,0,20,20,20,20,20,20,20,20,
1,1,5,1,20,20,20,20,20,20,20,20,
1,1,5,2,20,20,20,20,20,20,20,20,
1,1,5,3,20,20,20,20,20,20,20,20,
1,1,5,4,20,20,20,20,20,20,20,20,
1,1,5,5,20,20,20,20,20,20,20,20,
1,2,0,0,20,20,20,20,20,20,20,20,
1,2,0,1,20,20,20,20,20,20,20,20,
1,2,0,2,20,20,20,20,20,20,20,20,
1,2,0,3,20,20,20,20,20,20,20,20,
1,2,0,4,20,20,20,20,20,20,20,20,
1,2,0,5,20,20,20,20,20,20,20,20,
1,2,1,0,20,20,20,20,20,20,20,20,
1,2,1,1,20,20,20,20,20,20,20,20,
1,2,1,2,20,20,20,20,20,20,20,20,
1,2,1,3,20,20,20,20,20,20,20,20,
1,2,1,4,20,20,20,20,20,20,20,20,
1,2,1,5,20,20,20,20,20,20,20,20,
1,2,2,0,20,20,20,20,20,20,20,20,
1,2,2,1,20,20,20,20,20,20,20,20,
1,2,2,2,20,20,20,20,20,20,20,20,
1,2,2,3,20,20,20,20,20,20,20,20,
1,2,2,4,20,20,20,20,20,20,20,-295,
1,2,2,5,20,20,20,20,20,20,20,20,
1,2,3,0,20,20,20,20,20,20,20,20,
1,2,3,1,20,20,20,20,20,20,20,20,
1,2,3,2,20,20,20,20,20,20,20,-296,
1,2,3,3,20,20,20,20,20,20,20,20,
1,2,3,4,20,20,20,20,20,20,20,20,
1,2,3,5,20,20,20,20,20,20,20,20,
1,2,4,0,20,20,20,20,20,20,20,20,
1,2,4,1,-3901,20,20,20,20,20,20,20,
1,2,4,2,20,20,20,20,20,20,20,20,
1,2,4,3,-297,20,20,20,20,20,20,20,
1,2,4,4,20,20,20,20,20,20,20,20,
1,2,4,5,20,20,20,20,20,20,20,20,
1,2,5,0,20,20,20,20,20,20,20,20,
1,2,5,1,20,20,20,20,20,20,20,20,
1,2,5,2,20,20,20,20,20,20,20,20,
1,2,5,3,20,20,20,20,20,20,20,20,
1,2,5,4,20,20,20,20,20,20,20,20,
1,2,5,5,20,20,20,20,20,20,20,20,
1,3,0,0,20,20,20,20,20,20,20,20,
1,3,0,1,20,20,20,20,20,20,20,20,
1,3,0,2,20,20,20,20,20,20,20,20,
1,3,0,3,20,20,20,20,20,20,20,20,
1,3,0,4,20,20,20,20,20,20,20,20,
1,3,0,5,20,20,20,20,20,20,20,20,
1,3,1,0,20,20,20,20,20,20,20,20,
1,3,1,1,20,20,20,20,20,20,20,20,
1,3,1,2,20,20,20,20,20,20,20,20,
1,3,1,3,20,20,20,20,20,20,20,20,
1,3,1,4,20,20,20,20,20,20,20,20,
1,3,1,5,20,20,20,20,20,20,20,20,
1,3,2,0,20,20,20,20,20,20,20,20,
1,3,2,1,20,20,20,20,20,20,20,20,
1,3,2,2,20,20,20,20,20,20,20,20,
1,3,2,3,20,20,20,20,20,20,20,20,
1,3,2,4,20,20,20,20,20,20,20,20,
1,3,2,5,20,20,20,20,20,20,20,20,
1,3,3,0,20,20,20,20,20,20,20,20,
1,3,3,1,20,20,20,20,20,20,20,20,
1,3,3,2,20,20,20,20,20,20,20,20,
1,3,3,3,20,20,20,20,20,20,20,20,
1,3,3,4,20,20,20,20,20,20,20,20,
1,3,3,5,20,20,20,20,20,20,20,20,
1,3,4,0,20,20,20,20,20,20,20,20,
1,3,4,1,20,20,20,20,20,20,20,20,
1,3,4,2,20,20,20,20,20,20,20,20,
1,3,4,3,20,20,20,20,20,20,20,20,
1,3,4,4,20,20,20,20,20,20,20,20,
1,3,4,5,20,20,20,20,20,20,20,20,
1,3,5,0,20,20,20,20,20,20,20,20,
1,3,5,1,20,20,20,20,20,20,20,20,
1,3,5,2,20,20,20,20,20,20,20,20,
1,3,5,3,20,20,20,20,20,20,20,20,
1,3,5,4,20,20,20,20,20,20,20,20,
1,3,5,5,20,20,20,20,20,20,20,20,
1,4,0,0,20,20,20,20,20,20,20,20,
1,4,0,1,20,20,20,20,20,20,20,20,
1,4,0,2,20,20,20,20,20,20,20,20,
1,4,0,3,20,20,20,20,20,20,20,20,
1,4,0,4,20,20,20,20,20,20,20,20,
1,4,0,5,20,20,20,20,20,20,20,20,
1,4,1,0,20,20,20,20,20,20,20,20,
1,4,1,1,20,20,20,20,20,20,20,20,
1,4,1,2,20,20,20,20,20,20,20,20,
1,4,1,3,20,20,20,20,20,20,20,20,
1,4,1,4,20,20,20,20,20,20,20,20,
1,4,1,5,20,20,20,20,20,20,20,20,
1,4,2,0,20,20,20,20,20,20,20,20,
1,4,2,1,20,20,20,20,20,20,20,20,
1,4,2,2,20,20,20,19,20,20,20,20,
1,4,2,3,20,20,20,20,20,20,20,20,
1,4,2,4,20,20,20,20,20,20,20,20,
1,4,2,5,20,20,20,20,20,20,20,20,
1,4,3,0,20,20,20,20,20,20,20,20,
1,4,3,1,20,20,20,20,20,20,20,20,
1,4,3,2,20,20,20,20,20,20,20,20,
1,4,3,3,20,20,20,20,20,20,20,20,
1,4,3,4,20,20,20,20,20,20,20,20,
1,4,3,5,20,20,20,20,20,20,20,20,
1,4,4,0,20,20,20,20,20,20,20,20,
1,4,4,1,20,20,20,20,20,20,20,20,
1,4,4,2,20,20,20,20,20,20,20,20,
1,4,4,3,20,20,20,20,20,20,20,20,
1,4,4,4,20,20,20,20,20,20,20,20,
1,4,4,5,20,20,20,20,20,20,20,20,
1,4,5,0,20,20,20,20,20,20,20,20,
1,4,5,1,20,20,20,20,20,20,20,20,
1,4,5,2,20,20,20,20,20,20,20,20,
1,4,5,3,20,20,20,20,20,20,20,20,
1,4,5,4,20,20,20,20,20,20,20,20,
1,4,5,5,20,20,20,20,20,20,20,20,
1,5,0,0,20,20,20,20,20,20,20,20,
1,5,0,1,20,20,20,20,20,20,20,20,
1,5,0,2,20,20,20,20,20,20,20,20,
1,5,0,3,20,20,20,20,20,20,20,20,
1,5,0,4,20,20,20,20,20,20,20,20,
1,5,0,5,20,20,20,20,20,20,20,20,
1,5,1,0,20,20,20,20,20,20,20,20,
1,5,1,1,20,20,20,20,20,20,20,20,
1,5,1,2,20,20,20,20,20,20,20,20,
1,5,1,3,20,20,20,20,20,20,20,20,
1,5,1,4,20,20,20,20,20,20,20,20,
1,5,1,5,20,20,20,20,20,20,20,20,
1,5,2,0,20,20,20,20,20,20,20,20,
1,5,2,1,20,20,20,20,20,20,20,20,
1,5,2,2,20,20,20,20,20,20,20,20,
1,5,2,3,20,20,20,20,20,20,20,20,
1,5,2,4,20,20,20,20,20,20,20,20,
1,5,2,5,20,20,20,20,20,20,20,20,
1,5,3,0,20,20,20,20,20,20,20,20,
1,5,3,1,20,20,20,20,20,20,20,20,
1,5,3,2,20,20,20,20,20,20,20,20,
1,5,3,3,20,20,20,20,20,20,20,20,
1,5,3,4,20,20,20,20,20,20,20,20,
1,5,3,5,20,20,20,20,20,20,20,20,
1,5,4,0,20,20,20,20,20,20,20,20,
1,5,4,1,20,20,20,20,20,20,20,20,
1,5,4,2,20,20,20,20,20,20,20,20,
1,5,4,3,20,20,20,20,20,20,20,20,
1,5,4,4,20,20,20,20,20,20,20,20,
1,5,4,5,20,20,20,20,20,20,20,20,
1,5,5,0,20,20,20,20,20,20,20,20,
1,5,5,1,20,20,20,20,20,20,20,20,
1,5,5,2,20,20,20,20,20,20,20,20,
1,5,5,3,20,20,20,20,20,20,20,20,
1,5,5,4,20,20,20,20,20,20,20,20,
1,5,5,5,20,20,20,20,20,20,20,20,
2,0,0,0,20,20,20,20,20,20,20,20,
2,0,0,1,20,20,20,20,20,20,20,20,
2,0,0,2,20,20,20,20,20,20,20,20,
2,0,0,3,20,20,20,20,20,20,20,20,
2,0,0,4,20,20,20,20,20,20,20,20,
2,0,0,5,20,20,20,20,20,20,20,20,
2,0,1,0,20,20,20,20,20,20,20,20,
2,0,1,1,20,20,20,20,20,20,20,20,
2,0,1,2,20,20,20,20,20,20,20,20,
2,0,1,3,20,20,20,20,20,20,20,20,
2,0,1,4,20,20,20,20,20,20,20,20,
2,0,1,5,20,20,20,20,20,20,20,20,
2,0,2,0,20,20,20,20,20,20,20,20,
2,0,2,1,20,20,20,20,20,20,20,20,
2,0,2,2,20,20,20,20,20,20,20,20,
2,0,2,3,20,20,20,20,20,20,20,20,
2,0,2,4,20,20,20,20,20,20,20,20,
2,0,2,5,20,20,20,20,20,20,20,20,
2,0,3,0,20,20,20,20,20,20,20,20,
2,0,3,1,20,20,20,20,20,20,20,20,
2,0,3,2,20,20,20,20,20,20,20,20,
2,0,3,3,20,20,20,20,20,20,20,20,
2,0,3,4,20,20,20,20,20,20,20,20,
2,0,3,5,20,20,20,20,20,20,20,20,
2,0,4,0,20,20,20,20,20,20,20,20,
2,0,4,1,20,20,20,20,20,20,20,20,
2,0,4,2,20,20,20,20,20,20,20,20,
2,0,4,3,20,20,20,20,20,20,20,20,
2,0,4,4,20,20,20,20,20,20,20,20,
2,0,4,5,20,20,20,20,20,20,20,20,
2,0,5,0,20,20,20,20,20,20,20,20,
2,0,5,1,20,20,20,20,20,20,20,20,
2,0,5,2,20,20,20,20,20,20,20,20,
2,0,5,3,20,20,20,20,20,20,20,20,
2,0,5,4,20,20,20,20,20,20,20,20,
2,0,5,5,20,20,20,20,20,20,20,20,
2,1,0,0,20,20,20,20,20,20,20,20,
2,1,0,1,20,20,20,20,20,20,20,20,
2,1,0,2,20,20,20,20,20,20,20,20,
2,1,0,3,20,20,20,20,20,20,20,20,
2,1,0,4,20,20,20,20,20,20,20,20,
2,1,0,5,20,20,20,20,20,20,20,20,
2,1,1,0,20,20,20,20,20,20,20,20,
2,1,1,1,20,20,20,20,20,20,20,20,
2,1,1,2,20,20,20,20,20,20,20,20,
2,1,1,3,20,20,20,20,20,20,20,20,
2,1,1,4,20,20,20,20,20,-295,20,20,
2,1,1,5,20,20,20,20,20,20,20,20,
2,1,2,0,20,20,20,20,20,20,20,20,
2,1,2,1,20,20,20,20,20,20,20,20,
2,1,2,2,20,20,20,20,20,20,20,20,
2,1,2,3,20,20,20,-296,20,20,20,20,
2,1,2,4,20,20,20,20,20,20,20,20,
2,1,2,5,20,20,20,20,20,20,20,20,
2,1,3,0,20,20,20,20,20,20,20,20,
2,1,3,1,20,20,20,20,20,20,-297,20,
2,1,3,2,20,20,20,20,20,20,20,20,
2,1,3,3,20,-295,20,20,20,-296,20,20,
2,1,3,4,20,20,20,20,20,20,20,20,
2,1,3,5,20,20,20,20,20,20,20,20,
2,1,4,0,20,20,20,20,20,20,20,20,
2,1,4,1,20,20,20,20,20,20,20,20,
2,1,4,2,20,20,20,20,20,20,20,20,
2,1,4,3,20,20,20,20,20,20,20,20,
2,1,4,4,20,20,20,20,20,-297,20,20,
2,1,4,5,20,20,20,20,20,20,20,20,
2,1,5,0,20,20,20,20,20,20,20,20,
2,1,5,1,20,20,20,20,20,20,20,20,
2,1,5,2,20,20,20,20,20,20,20,20,
2,1,5,3,20,20,20,20,20,20,20,20,
2,1,5,4,20,20,20,20,20,20,20,20,
2,1,5,5,20,20,20,20,20,20,20,20,
2,2,0,0,20,20,20,20,20,20,20,20,
2,2,0,1,20,20,20,20,20,20,20,20,
2,2,0,2,20,20,20,20,20,20,20,20,
2,2,0,3,20,20,20,20,20,20,20,20,
2,2,0,4,20,20,20,20,20,20,20,20,
2,2,0,5,20,20,20,20,20,20,20,20,
2,2,1,0,20,20,20,20,20,20,20,20,
2,2,1,1,20,20,20,20,20,20,20,20,
2,2,1,2,20,20,-3901,20,-294,20,20,20,
2,2,1,3,20,20,20,20,20,20,20,20,
2,2,1,4,20,20,20,20,20,20,20,20,
2,2,1,5,20,20,20,20,20,20,20,20,
2,2,2,0,20,20,20,20,20,20,20,20,
2,2,2,1,20,20,20,20,20,20,20,20,
2,2,2,2,20,20,20,20,20,20,20,20,
2,2,2,3,20,20,20,20,20,20,20,20,
2,2,2,4,20,20,20,20,20,20,20,20,
2,2,2,5,20,20,20,20,20,20,20,20,
2,2,3,0,20,20,20,20,20,20,20,20,
2,2,3,1,20,20,20,20,20,20,20,20,
2,2,3,2,20,20,20,20,20,20,20,20,
2,2,3,3,20,20,20,20,20,20,20,20,
2,2,3,4,20,20,20,20,20,20,20,20,
2,2,3,5,20,20,20,20,20,20,20,20,
2,2,4,0,20,20,20,20,20,20,20,20,
2,2,4,1,20,20,20,20,20,20,20,20,
2,2,4,2,20,20,20,20,20,20,20,20,
2,2,4,3,20,20,20,20,20,20,20,20,
2,2,4,4,20,20,20,20,-296,20,20,20,
2,2,4,5,20,20,20,20,20,20,20,20,
2,2,5,0,20,20,20,20,20,20,20,20,
2,2,5,1,20,20,20,20,20,20,20,20,
2,2,5,2,20,20,20,20,20,20,20,20,
2,2,5,3,20,20,20,20,20,20,20,20,
2,2,5,4,20,20,20,20,20,20,20,20,
2,2,5,5,20,20,20,20,20,20,20,20,
2,3,0,0,20,20,20,20,20,20,20,20,
2,3,0,1,20,20,20,20,20,20,20,20,
2,3,0,2,20,20,20,20,20,20,20,20,
2,3,0,3,20,20,20,20,20,20,20,20,
2,3,0,4,20,20,20,20,20,20,20,20,
2,3,0,5,20,20,20,20,20,20,20,20,
2,3,1,0,20,20,20,20,20,20,20,20,
2,3,1,1,20,20,20,20,20,20,20,20,
2,3,1,2,20,20,20,-294,20,19,20,20,
2,3,1,3,20,20,20,20,20,20,20,21,
2,3,1,4,20,20,20,20,20,20,20,20,
2,3,1,5,20,20,20,20,20,20,20,20,
2,3,2,0,20,20,20,20,20,20,20,20,
2,3,2,1,19,20,20,20,20,20,-3901,20,
2,3,2,2,19,20,20,20,20,20,20,20,
2,3,2,3,20,20,20,20,20,20,20,20,
2,3,2,4,20,20,20,20,20,20,20,20,
2,3,2,5,20,20,20,20,20,20,20,20,
2,3,3,0,20,20,20,20,20,20,20,20,
2,3,3,1,20,20,20,20,20,20,20,20,
2,3,3,2,20,20,20,20,-3901,20,20,20,
2,3,3,3,20,20,20,20,20,20,20,-3604,
2,3,3,4,20,20,20,20,20,20,20,20,
2,3,3,5,20,20,20,20,20,20,20,20,
2,3,4,0,20,20,20,20,20,20,20,20,
2,3,4,1,20,20,20,20,20,20,20,20,
2,3,4,2,20,20,20,20,20,20,21,20,
2,3,4,3,20,20,20,20,20,20,20,20,
2,3,4,4,20,20,20,20,20,20,20,20,
2,3,4,5,20,20,20,20,20,20,20,20,
2,3,5,0,20,20,20,20,20,20,20,20,
2,3,5,1,20,20,20,20,20,20,20,20,
2,3,5,2,20,20,20,20,20,20,20,20,
2,3,5,3,20,20,20,20,20,20,20,20,
2,3,5,4,20,20,20,20,20,20,20,20,
2,3,5,5,20,20,20,20,20,20,20,20,
2,4,0,0,20,20,20,20,20,20,20,20,
2,4,0,1,20,20,20,20,20,20,20,20,
2,4,0,2,20,20,20,20,20,20,20,20,
2,4,0,3,20,20,20,20,20,20,20,20,
2,4,0,4,20,20,20,20,20,20,20,20,
2,4,0,5,20,20,20,20,20,20,20,20,
2,4,1,0,20,20,20,20,20,20,20,20,
2,4,1,1,20,20,20,-3202,20,20,20,20,
2,4,1,2,20,20,20,-3201,20,20,20,20,
2,4,1,3,19,20,20,20,20,20,20,20,
2,4,1,4,20,20,20,20,20,20,20,20,
2,4,1,5,20,20,20,20,20,20,20,20,
2,4,2,0,20,20,20,20,20,20,20,20,
2,4,2,1,20,20,20,20,20,20,20,20,
2,4,2,2,-3901,20,20,20,20,20,20,20,
2,4,2,3,20,20,20,20,20,20,20,20,
2,4,2,4,20,20,20,20,20,20,20,20,
2,4,2,5,20,20,20,20,20,20,20,20,
2,4,3,0,20,20,20,20,20,20,20,20,
2,4,3,1,20,20,20,20,20,20,20,20,
2,4,3,2,20,20,20,20,20,20,20,20,
2,4,3,3,20,20,20,20,20,20,20,20,
2,4,3,4,20,20,20,20,20,20,20,20,
2,4,3,5,20,20,20,20,20,20,20,20,
2,4,4,0,20,20,20,20,20,20,20,20,
2,4,4,1,20,20,20,20,20,20,20,20,
2,4,4,2,20,20,20,20,20,20,20,20,
2,4,4,3,20,20,20,20,20,20,20,20,
2,4,4,4,20,20,20,20,20,20,20,20,
2,4,4,5,20,20,20,20,20,20,20,20,
2,4,5,0,20,20,20,20,20,20,20,20,
2,4,5,1,20,20,20,20,20,20,20,20,
2,4,5,2,20,20,20,20,20,20,20,20,
2,4,5,3,20,20,20,20,20,20,20,20,
2,4,5,4,20,20,20,20,20,20,20,20,
2,4,5,5,20,20,20,20,20,20,20,20,
2,5,0,0,20,20,20,20,20,20,20,20,
2,5,0,1,20,20,20,20,20,20,20,20,
2,5,0,2,20,20,20,20,20,20,20,20,
2,5,0,3,20,20,20,20,20,20,20,20,
2,5,0,4,20,20,20,20,20,20,20,20,
2,5,0,5,20,20,20,20,20,20,20,20,
2,5,1,0,20,20,20,20,20,20,20,20,
2,5,1,1,20,20,20,20,20,20,20,20,
2,5,1,2,20,20,20,20,20,20,20,20,
2,5,1,3,20,20,20,20,20,20,20,20,
2,5,1,4,20,20,20,20,20,20,20,20,
2,5,1,5,20,20,20,20,20,20,20,20,
2,5,2,0,20,20,20,20,20,20,20,20,
2,5,2,1,20,20,20,20,20,20,20,20,
2,5,2,2,20,20,20,20,20,20,20,20,
2,5,2,3,20,20,20,20,20,20,20,20,
2,5,2,4,20,20,20,20,20,20,20,20,
2,5,2,5,20,20,20,20,20,20,20,20,
2,5,3,0,20,20,20,20,20,20,20,20,
2,5,3,1,20,20,20,20,20,20,20,20,
2,5,3,2,20,20,20,20,20,20,20,20,
2,5,3,3,20,20,20,20,20,20,20,20,
2,5,3,4,20,20,20,20,20,20,20,20,
2,5,3,5,20,20,20,20,20,20,20,20,
2,5,4,0,20,20,20,20,20,20,20,20,
2,5,4,1,20,20,20,20,20,20,20,20,
2,5,4,2,20,20,20,20,20,20,20,20,
2,5,4,3,20,20,20,20,20,20,20,20,
2,5,4,4,20,20,20,20,20,20,20,20,
2,5,4,5,20,20,20,20,20,20,20,20,
2,5,5,0,20,20,20,20,20,20,20,20,
2,5,5,1,20,20,20,20,20,20,20,20,
2,5,5,2,20,20,20,20,20,20,20,20,
2,5,5,3,20,20,20,20,20,20,20,20,
2,5,5,4,20,20,20,20,20,20,20,20,
2,5,5,5,20,20,20,20,20,20,20,20,
3,0,0,0,20,20,20,20,20,20,20,20,
3,0,0,1,20,20,20,20,20,20,20,20,
3,0,0,2,20,20,20,20,20,20,20,20,
3,0,0,3,20,20,20,20,20,20,20,20,
3,0,0,4,20,20,20,20,20,20,20,20,
3,0,0,5,20,20,20,20,20,20,20,20,
3,0,1,0,20,20,20,20,20,20,20,20,
3,0,1,1,20,20,20,20,20,20,20,20,
3,0,1,2,20,20,20,20,20,20,20,20,
3,0,1,3,20,20,20,20,20,20,20,20,
3,0,1,4,20,20,20,20,20,20,20,20,
3,0,1,5,20,20,20,20,20,20,20,20,
3,0,2,0,20,20,20,20,20,20,20,20,
3,0,2,1,20,20,20,20,20,20,20,20,
3,0,2,2,20,20,20,20,20,20,20,20,
3,0,2,3,20,20,20,20,20,20,20,20,
3,0,2,4,20,20,20,20,20,20,20,20,
3,0,2,5,20,20,20,20,20,20,20,20,
3,0,3,0,20,20,20,20,20,20,20,20,
3,0,3,1,20,20,20,20,20,20,20,20,
3,0,3,2,20,20,20,20,20,20,20,20,
3,0,3,3,20,20,20,20,20,20,20,20,
3,0,3,4,20,20,20,20,20,20,20,20,
3,0,3,5,20,20,20,20,20,20,20,20,
3,0,4,0,20,20,20,20,20,20,20,20,
3,0,4,1,20,20,20,20,20,20,20,20,
3,0,4,2,20,20,20,20,20,20,20,20,
3,0,4,3,20,20,20,20,20,20,20,20,
3,0,4,4,20,20,20,20,20,20,20,20,
3,0,4,5,20,20,20,20,20,20,20,20,
3,0,5,0,20,20,20,20,20,20,20,20,
3,0,5,1,20,20,20,20,20,20,20,20,
3,0,5,2,20,20,20,20,20,20,20,20,
3,0,5,3,20,20,20,20,20,20,20,20,
3,0,5,4,20,20,20,20,20,20,20,20,
3,0,5,5,20,20,20,20,20,20,20,20,
3,1,0,0,20,20,20,20,20,20,20,20,
3,1,0,1,20,20,20,20,20,20,20,20,
3,1,0,2,20,20,20,20,20,20,20,20,
3,1,0,3,20,20,20,20,20,20,20,20,
3,1,0,4,20,20,20,20,20,20,20,20,
3,1,0,5,20,20,20,20,20,20,20,20,
3,1,1,0,20,20,20,20,20,20,20,20,
3,1,1,1,20,20,20,20,20,20,20,20,
3,1,1,2,20,20,20,20,20,20,20,20,
3,1,1,3,20,20,20,20,20,20,20,20,
3,1,1,4,20,20,20,20,20,20,20,20,
3,1,1,5,20,20,20,20,20,20,20,20,
3,1,2,0,20,20,20,20,20,20,20,20,
3,1,2,1,20,20,20,20,20,20,20,20,
3,1,2,2,20,20,20,20,20,20,20,20,
3,1,2,3,20,20,20,20,20,20,21,20,
3,1,2,4,20,20,20,20,20,20,20,20,
3,1,2,5,20,20,20,20,20,20,20,20,
3,1,3,0,20,20,20,20,20,20,20,20,
3,1,3,1,20,20,20,20,20,20,20,20,
3,1,3,2,20,20,20,20,20,20,20,20,
3,1,3,3,20,20,20,20,20,-296,20,20,
3,1,3,4,20,20,20,20,20,20,20,20,
3,1,3,5,20,20,20,20,20,20,20,20,
3,1,4,0,20,20,20,20,20,20,20,20,
3,1,4,1,20,20,20,20,20,20,20,20,
3,1,4,2,20,20,20,20,20,20,20,20,
3,1,4,3,20,20,20,20,20,20,20,20,
3,1,4,4,20,20,20,20,20,20,20,20,
3,1,4,5,20,20,20,20,20,20,20,20,
3,1,5,0,20,20,20,20,20,20,20,20,
3,1,5,1,20,20,20,20,20,20,20,20,
3,1,5,2,20,20,20,20,20,20,20,20,
3,1,5,3,20,20,20,20,20,20,20,20,
3,1,5,4,20,20,20,20,20,20,20,20,
3,1,5,5,20,20,20,20,20,20,20,20,
3,2,0,0,20,20,20,20,20,20,20,20,
3,2,0,1,20,20,20,20,20,20,20,20,
3,2,0,2,20,20,20,20,20,20,20,20,
3,2,0,3,20,20,20,20,20,20,20,20,
3,2,0,4,20,20,20,20,20,20,20,20,
3,2,0,5,20,20,20,20,20,20,20,20,
3,2,1,0,20,20,20,20,20,20,20,20,
3,2,1,1,20,20,20,20,20,20,20,20,
3,2,1,2,20,20,20,20,20,20,20,20,
3,2,1,3,21,20,20,20,20,20,20,20,
3,2,1,4,20,20,20,20,20,20,20,20,
3,2,1,5,20,20,20,20,20,20,20,20,
3,2,2,0,20,20,20,20,20,20,20,20,
3,2,2,1,20,20,20,20,20,20,20,20,
3,2,2,2,20,20,20,20,20,20,20,20,
3,2,2,3,20,20,20,20,20,-3604,20,20,
3,2,2,4,20,20,20,20,20,20,20,20,
3,2,2,5,20,20,20,20,20,20,20,20,
3,2,3,0,20,20,20,20,20,20,20,20,
3,2,3,1,20,20,20,20,20,20,20,20,
3,2,3,2,20,20,20,20,20,20,20,20,
3,2,3,3,20,20,20,20,20,20,20,20,
3,2,3,4,20,20,20,20,20,20,20,20,
3,2,3,5,20,20,20,20,20,20,20,20,
3,2,4,0,20,20,20,20,20,20,20,20,
3,2,4,1,20,20,20,20,20,20,20,20,
3,2,4,2,20,20,20,20,20,20,20,20,
3,2,4,3,20,20,20,20,20,20,20,20,
3,2,4,4,20,20,20,20,20,20,20,20,
3,2,4,5,20,20,20,20,20,20,20,20,
3,2,5,0,20,20,20,20,20,20,20,20,
3,2,5,1,20,20,20,20,20,20,20,20,
3,2,5,2,20,20,20,20,20,20,20,20,
3,2,5,3,20,20,20,20,20,20,20,20,
3,2,5,4,20,20,20,20,20,20,20,20,
3,2,5,5,20,20,20,20,20,20,20,20,
3,3,0,0,20,20,20,20,20,20,20,20,
3,3,0,1,20,20,20,20,20,20,20,20,
3,3,0,2,20,20,20,20,20,20,20,20,
3,3,0,3,20,20,20,20,20,20,20,20,
3,3,0,4,20,20,20,20,20,20,20,20,
3,3,0,5,20,20,20,20,20,20,20,20,
3,3,1,0,20,20,20,20,20,20,20,20,
3,3,1,1,20,20,-1049,20,20,20,20,20,
3,3,1,2,20,19,21,20,20,-3202,20,20,
3,3,1,3,20,20,21,20,20,20,20,20,
3,3,1,4,20,20,20,20,20,20,20,20,
3,3,1,5,20,20,20,20,20,20,20,20,
3,3,2,0,20,20,20,20,20,20,20,20,
3,3,2,1,20,19,20,20,-294,20,20,20,
3,3,2,2,20,-3918,21,20,20,20,20,20,
3,3,2,3,20,20,20,20,-3901,-3201,20,20,
3,3,2,4,20,20,20,20,20,20,20,20,
3,3,2,5,20,20,20,20,20,20,20,20,
3,3,3,0,20,20,20,20,20,20,20,20,
3,3,3,1,20,20,20,20,20,20,20,-1050,
3,3,3,2,20,20,20,20,20,20,20,20,
3,3,3,3,20,20,20,20,20,20,20,20,
3,3,3,4,20,20,20,20,20,20,20,20,
3,3,3,5,20,20,20,20,20,20,20,20,
3,3,4,0,20,20,20,20,20,20,20,20,
3,3,4,1,20,20,21,20,20,20,20,20,
3,3,4,2,20,20,20,20,20,20,20,20,
3,3,4,3,20,20,20,20,20,20,20,20,
3,3,4,4,20,20,20,20,20,20,20,20,
3,3,4,5,20,20,20,20,20,20,20,20,
3,3,5,0,20,20,20,20,20,20,20,20,
3,3,5,1,20,20,20,20,20,20,20,20,
3,3,5,2,20,20,20,20,20,20,20,20,
3,3,5,3,20,20,20,20,20,20,20,20,
3,3,5,4,20,20,20,20,20,20,20,20,
3,3,5,5,20,20,20,20,20,20,20,20,
3,4,0,0,20,20,20,20,20,20,20,20,
3,4,0,1,20,20,20,20,20,20,20,20,
3,4,0,2,20,20,20,20,20,20,20,20,
3,4,0,3,20,20,20,20,20,20,20,20,
3,4,0,4,20,20,20,20,20,20,20,20,
3,4,0,5,20,20,20,20,20,20,20,20,
3,4,1,0,20,20,20,20,20,20,20,20,
3,4,1,1,-3202,20,20,21,19,20,20,-6421,
3,4,1,2,20,20,20,-1048,20,20,20,20,
3,4,1,3,20,20,20,20,20,20,20,20,
3,4,1,4,20,20,20,20,21,20,20,20,
3,4,1,5,20,20,20,20,20,20,20,20,
3,4,2,0,20,20,20,20,20,20,20,20,
3,4,2,1,-2119,20,20,20,20,20,20,20,
3,4,2,2,21,20,20,-3202,20,20,20,20,
3,4,2,3,20,20,20,20,20,20,20,20,
3,4,2,4,20,20,20,20,20,20,20,20,
3,4,2,5,20,20,20,20,20,20,20,20,
3,4,3,0,20,20,20,20,20,20,20,20,
3,4,3,1,20,-3900,20,20,21,20,20,20,
3,4,3,2,21,20,20,20,20,20,20,20,
3,4,3,3,20,20,20,20,20,20,20,20,
3,4,3,4,20,20,20,20,20,20,20,20,
3,4,3,5,20,20,20,20,20,20,20,20,
3,4,4,0,20,20,20,20,20,20,20,20,
3,4,4,1,20,20,20,20,20,20,20,20,
3,4,4,2,20,20,20,20,20,20,20,20,
3,4,4,3,20,20,20,20,20,20,20,20,
3,4,4,4,20,20,20,20,20,20,20,20,
3,4,4,5,20,20,20,20,20,20,20,20,
3,4,5,0,20,20,20,20,20,20,20,20,
3,4,5,1,20,20,20,20,20,20,20,20,
3,4,5,2,20,20,20,20,20,20,20,20,
3,4,5,3,20,20,20,20,20,20,20,20,
3,4,5,4,20,20,20,20,20,20,20,20,
3,4,5,5,20,20,20,20,20,20,20,20,
3,5,0,0,20,20,20,20,20,20,20,20,
3,5,0,1,20,20,20,20,20,20,20,20,
3,5,0,2,20,20,20,20,20,20,20,20,
3,5,0,3,20,20,20,20,20,20,20,20,
3,5,0,4,20,20,20,20,20,20,20,20,
3,5,0,5,20,20,20,20,20,20,20,20,
3,5,1,0,20,20,20,20,20,20,20,20,
3,5,1,1,20,20,20,20,20,20,20,20,
3,5,1,2,20,20,20,20,20,20,20,20,
3,5,1,3,20,20,20,20,20,20,20,20,
3,5,1,4,20,20,20,20,20,20,20,20,
3,5,1,5,20,20,20,20,20,20,20,20,
3,5,2,0,20,20,20,20,20,20,20,20,
3,5,2,1,20,20,20,20,20,20,20,20,
3,5,2,2,20,20,20,20,20,20,20,20,
3,5,2,3,20,20,20,20,20,20,20,20,
3,5,2,4,20,20,20,20,20,20,20,20,
3,5,2,5,20,20,20,20,20,20,20,20,
3,5,3,0,20,20,20,20,20,20,20,20,
3,5,3,1,20,20,20,20,20,20,20,20,
3,5,3,2,20,20,20,20,20,20,20,20,
3,5,3,3,20,20,20,20,20,20,20,20,
3,5,3,4,20,20,20,20,20,20,20,20,
3,5,3,5,20,20,20,20,20,20,20,20,
3,5,4,0,20,20,20,20,20,20,20,20,
3,5,4,1,20,20,20,20,20,20,20,20,
3,5,4,2,20,20,20,20,20,20,20,20,
3,5,4,3,20,20,20,20,20,20,20,20,
3,5,4,4,20,20,20,20,20,20,20,20,
3,5,4,5,20,20,20,20,20,20,20,20,
3,5,5,0,20,20,20,20,20,20,20,20,
3,5,5,1,20,20,20,20,20,20,20,20,
3,5,5,2,20,20,20,20,20,20,20,20,
3,5,5,3,20,20,20,20,20,20,20,20,
3,5,5,4,20,20,20,20,20,20,20,20,
3,5,5,5,20,20,20,20,20,20,20,20,
4,0,0,0,20,20,20,20,20,20,20,20,
4,0,0,1,20,20,20,20,20,20,20,20,
4,0,0,2,20,20,20,20,20,20,20,20,
4,0,0,3,20,20,20,20,20,20,20,20,
4,0,0,4,20,20,20,20,20,20,20,20,
4,0,0,5,20,20,20,20,20,20,20,20,
4,0,1,0,20,20,20,20,20,20,20,20,
4,0,1,1,20,20,20,20,20,20,20,20,
4,0,1,2,20,20,20,20,20,20,20,20,
4,0,1,3,20,20,20,20,20,20,20,20,
4,0,1,4,20,20,20,20,20,20,20,20,
4,0,1,5,20,20,20,20,20,20,20,20,
4,0,2,0,20,20,20,20,20,20,20,20,
4,0,2,1,20,20,20,20,20,20,20,20,
4,0,2,2,20,20,20,20,20,20,20,20,
4,0,2,3,20,20,20,20,20,20,20,20,
4,0,2,4,20,20,20,20,20,20,20,20,
4,0,2,5,20,20,20,20,20,20,20,20,
4,0,3,0,20,20,20,20,20,20,20,20,
4,0,3,1,20,20,20,20,20,20,20,20,
4,0,3,2,20,20,20,20,20,20,20,20,
4,0,3,3,20,20,20,20,20,20,20,20,
4,0,3,4,20,20,20,20,20,20,20,20,
4,0,3,5,20,20,20,20,20,20,20,20,
4,0,4,0,20,20,20,20,20,20,20,20,
4,0,4,1,20,20,20,20,20,20,20,20,
4,0,4,2,20,20,20,20,20,20,20,20,
4,0,4,3,20,20,20,20,20,20,20,20,
4,0,4,4,20,20,20,20,20,20,20,20,
4,0,4,5,20,20,20,20,20,20,20,20,
4,0,5,0,20,20,20,20,20,20,20,20,
4,0,5,1,20,20,20,20,20,20,20,20,
4,0,5,2,20,20,20,20,20,20,20,20,
4,0,5,3,20,20,20,20,20,20,20,20,
4,0,5,4,20,20,20,20,20,20,20,20,
4,0,5,5,20,20,20,20,20,20,20,20,
4,1,0,0,20,20,20,20,20,20,20,20,
4,1,0,1,20,20,20,20,20,20,20,20,
4,1,0,2,20,20,20,20,20,20,20,20,
4,1,0,3,20,20,20,20,20,20,20,20,
4,1,0,4,20,20,20,20,20,20,20,20,
4,1,0,5,20,20,20,20,20,20,20,20,
4,1,1,0,20,20,20,20,20,20,20,20,
4,1,1,1,20,20,20,20,20,20,20,20,
4,1,1,2,20,20,20,20,20,20,20,20,
4,1,1,3,20,20,20,20,20,20,20,20,
4,1,1,4,20,20,20,20,20,20,20,20,
4,1,1,5,20,20,20,20,20,20,20,20,
4,1,2,0,20,20,20,20,20,20,20,20,
4,1,2,1,20,20,20,20,20,20,20,20,
4,1,2,2,20,20,20,20,20,20,20,20,
4,1,2,3,20,20,20,20,20,21,20,20,
4,1,2,4,20,20,20,20,20,20,20,20,
4,1,2,5,20,20,20,20,20,20,20,20,
4,1,3,0,20,20,20,20,20,20,20,20,
4,1,3,1,20,20,20,20,20,20,20,20,
4,1,3,2,20,20,20,20,20,20,20,20,
4,1,3,3,20,20,20,20,20,20,20,20,
4,1,3,4,20,20,20,20,20,20,20,20,
4,1,3,5,20,20,20,20,20,20,20,20,
4,1,4,0,20,20,20,20,20,20,20,20,
4,1,4,1,20,20,20,20,20,20,20,20,
4,1,4,2,20,20,20,20,20,20,20,20,
4,1,4,3,20,20,20,20,20,20,20,20,
4,1,4,4,20,20,20,20,20,20,20,20,
4,1,4,5,20,20,20,20,20,20,20,20,
4,1,5,0,20,20,20,20,20,20,20,20,
4,1,5,1,20,20,20,20,20,20,20,20,
4,1,5,2,20,20,20,20,20,20,20,20,
4,1,5,3,20,20,20,20,20,20,20,20,
4,1,5,4,20,20,20,20,20,20,20,20,
4,1,5,5,20,20,20,20,20,20,20,20,
4,2,0,0,20,20,20,20,20,20,20,20,
4,2,0,1,20,20,20,20,20,20,20,20,
4,2,0,2,20,20,20,20,20,20,20,20,
4,2,0,3,20,20,20,20,20,20,20,20,
4,2,0,4,20,20,20,20,20,20,20,20,
4,2,0,5,20,20,20,20,20,20,20,20,
4,2,1,0,20,20,20,20,20,20,20,20,
4,2,1,1,20,20,20,20,20,20,20,20,
4,2,1,2,20,20,20,20,20,20,20,20,
4,2,1,3,20,20,20,20,20,20,20,20,
4,2,1,4,20,20,20,20,20,20,20,20,
4,2,1,5,20,20,20,20,20,20,20,20,
4,2,2,0,20,20,20,20,20,20,20,20,
4,2,2,1,20,20,20,20,20,20,20,20,
4,2,2,2,21,20,20,20,20,20,20,20,
4,2,2,3,20,20,20,20,20,20,20,20,
4,2,2,4,20,21,20,20,20,20,20,20,
4,2,2,5,20,20,20,20,20,20,20,20,
4,2,3,0,20,20,20,20,20,20,20,20,
4,2,3,1,20,20,20,20,20,20,20,20,
4,2,3,2,20,20,20,20,20,20,20,20,
4,2,3,3,20,20,20,20,20,19,20,20,
4,2,3,4,20,20,20,20,20,20,20,20,
4,2,3,5,20,20,20,20,20,20,20,20,
4,2,4,0,20,20,20,20,20,20,20,20,
4,2,4,1,20,-1050,20,20,20,20,20,20,
4,2,4,2,20,20,20,20,20,20,20,20,
4,2,4,3,20,20,20,20,20,20,20,20,
4,2,4,4,20,20,20,20,20,20,20,20,
4,2,4,5,20,20,20,20,20,20,20,20,
4,2,5,0,20,20,20,20,20,20,20,20,
4,2,5,1,20,20,20,20,20,20,20,20,
4,2,5,2,20,20,20,20,20,20,20,20,
4,2,5,3,20,20,20,20,20,20,20,20,
4,2,5,4,20,20,20,20,20,20,20,20,
4,2,5,5,20,20,20,20,20,20,20,20,
4,3,0,0,20,20,20,20,20,20,20,20,
4,3,0,1,20,20,20,20,20,20,20,20,
4,3,0,2,20,20,20,20,20,20,20,20,
4,3,0,3,20,20,20,20,20,20,20,20,
4,3,0,4,20,20,20,20,20,20,20,20,
4,3,0,5,20,20,20,20,20,20,20,20,
4,3,1,0,20,20,20,20,20,20,20,20,
4,3,1,1,20,20,20,20,20,20,20,20,
4,3,1,2,21,-3901,21,20,20,-3201,20,20,
4,3,1,3,20,20,20,20,20,20,20,20,
4,3,1,4,20,20,20,20,20,20,20,20,
4,3,1,5,20,20,20,20,20,20,20,20,
4,3,2,0,20,20,20,20,20,20,20,20,
4,3,2,1,20,21,-6422,20,20,22,20,20,
4,3,2,2,19,21,20,20,20,19,20,20,
4,3,2,3,20,20,20,20,20,20,20,20,
4,3,2,4,20,20,20,20,20,20,20,20,
4,3,2,5,20,20,20,20,20,20,20,20,
4,3,3,0,20,20,20,20,20,20,20,20,
4,3,3,1,20,20,20,20,20,20,20,20,
4,3,3,2,20,20,20,20,20,20,20,20,
4,3,3,3,20,20,20,20,20,20,20,20,
4,3,3,4,20,20,20,20,20,20,20,20,
4,3,3,5,20,20,20,20,20,20,20,20,
4,3,4,0,20,20,20,20,20,20,20,20,
4,3,4,1,20,20,20,20,20,20,20,20,
4,3,4,2,20,20,20,20,20,20,20,20,
4,3,4,3,20,20,20,20,20,20,20,20,
4,3,4,4,20,20,20,20,20,20,20,20,
4,3,4,5,20,20,20,20,20,20,20,20,
4,3,5,0,20,20,20,20,20,20,20,20,
4,3,5,1,20,20,20,20,20,20,20,20,
4,3,5,2,20,20,20,20,20,20,20,20,
4,3,5,3,20,20,20,20,20,20,20,20,
4,3,5,4,20,20,20,20,20,20,20,20,
4,3,5,5,20,20,20,20,20,20,20,20,
4,4,0,0,20,20,20,20,20,20,20,20,
4,4,0,1,20,20,20,20,20,20,20,20,
4,4,0,2,20,20,20,20,20,20,20,20,
4,4,0,3,20,20,20,20,20,20,20,20,
4,4,0,4,20,20,20,20,20,20,20,20,
4,4,0,5,20,20,20,20,20,20,20,20,
4,4,1,0,20,20,20,20,20,20,20,20,
4,4,1,1,-7120,-2118,20,20,-3919,20,20,20,
4,4,1,2,20,20,20,20,20,20,20,20,
4,4,1,3,20,20,20,20,20,20,20,20,
4,4,1,4,20,20,20,20,20,20,20,20,
4,4,1,5,20,20,20,20,20,20,20,20,
4,4,2,0,20,20,20,20,20,20,20,20,
4,4,2,1,20,20,20,20,20,20,20,20,
4,4,2,2,21,-3201,20,20,-3201,20,20,20,
4,4,2,3,20,22,20,20,20,20,20,20,
4,4,2,4,20,20,20,20,20,20,20,20,
4,4,2,5,20,20,20,20,20,20,20,20,
4,4,3,0,20,20,20,20,20,20,20,20,
4,4,3,1,20,20,20,20,20,20,20,20,
4,4,3,2,20,20,20,20,20,20,20,20,
4,4,3,3,-3202,20,20,20,20,20,20,20,
4,4,3,4,20,20,20,20,20,20,20,20,
4,4,3,5,20,20,20,20,20,20,20,20,
4,4,4,0,20,20,20,20,20,20,20,20,
4,4,4,1,20,20,20,20,20,20,20,20,
4,4,4,2,20,20,20,20,20,20,20,20,
4,4,4,3,20,20,20,20,20,20,20,20,
4,4,4,4,20,20,20,20,20,20,20,20,
4,4,4,5,20,20,20,20,20,20,20,20,
4,4,5,0,20,20,20,20,20,20,20,20,
4,4,5,1,20,20,20,20,20,20,20,20,
4,4,5,2,20,20,20,20,20,20,20,20,
4,4,5,3,20,20,20,20,20,20,20,20,
4,4,5,4,20,20,20,20,20,20,20,20,
4,4,5,5,20,20,20,20,20,20,20,20,
4,5,0,0,20,20,20,20,20,20,20,20,
4,5,0,1,20,20,20,20,20,20,20,20,
4,5,0,2,20,20,20,20,20,20,20,20,
4,5,0,3,20,20,20,20,20,20,20,20,
4,5,0,4,20,20,20,20,20,20,20,20,
4,5,0,5,20,20,20,20,20,20,20,20,
4,5,1,0,20,20,20,20,20,20,20,20,
4,5,1,1,20,20,20,20,20,20,20,20,
4,5,1,2,20,20,20,20,20,20,20,20,
4,5,1,3,20,20,20,20,20,20,20,20,
4,5,1,4,20,20,20,20,20,20,20,20,
4,5,1,5,20,20,20,20,20,20,20,20,
4,5,2,0,20,20,20,20,20,20,20,20,
4,5,2,1,20,20,20,20,20,20,20,20,
4,5,2,2,20,20,20,20,20,20,20,20,
4,5,2,3,20,20,20,20,20,20,20,20,
4,5,2,4,20,20,20,20,20,20,20,20,
4,5,2,5,20,20,20,20,20,20,20,20,
4,5,3,0,20,20,20,20,20,20,20,20,
4,5,3,1,20,20,20,20,20,20,20,20,
4,5,3,2,20,20,20,20,20,20,20,20,
4,5,3,3,20,20,20,20,20,20,20,20,
4,5,3,4,20,20,20,20,20,20,20,20,
4,5,3,5,20,20,20,20,20,20,20,20,
4,5,4,0,20,20,20,20,20,20,20,20,
4,5,4,1,20,20,20,20,20,20,20,20,
4,5,4,2,20,20,20,20,20,20,20,20,
4,5,4,3,20,20,20,20,20,20,20,20,
4,5,4,4,20,20,20,20,20,20,20,20,
4,5,4,5,20,20,20,20,20,20,20,20,
4,5,5,0,20,20,20,20,20,20,20,20,
4,5,5,1,20,20,20,20,20,20,20,20,
4,5,5,2,20,20,20,20,20,20,20,20,
4,5,5,3,20,20,20,20,20,20,20,20,
4,5,5,4,20,20,20,20,20,20,20,20,
4,5,5,5,20,20,20,20,20,20,20,20,
5,0,0,0,20,20,20,20,20,20,20,20,
5,0,0,1,20,20,20,20,20,20,20,20,
5,0,0,2,20,20,20,20,20,20,20,20,
5,0,0,3,20,20,20,20,20,20,20,20,
5,0,0,4,20,20,20,20,20,20,20,20,
5,0,0,5,20,20,20,20,20,20,20,20,
5,0,1,0,20,20,20,20,20,20,20,20,
5,0,1,1,20,20,20,20,20,20,20,20,
5,0,1,2,20,20,20,20,20,20,20,20,
5,0,1,3,20,20,20,20,20,20,20,20,
5,0,1,4,20,20,20,20,20,20,20,20,
5,0,1,5,20,20,20,20,20,20,20,20,
5,0,2,0,20,20,20,20,20,20,20,20,
5,0,2,1,20,20,20,20,20,20,20,20,
5,0,2,2,20,20,20,20,20,20,20,20,
5,0,2,3,20,20,20,20,20,20,20,20,
5,0,2,4,20,20,20,20,20,20,20,20,
5,0,2,5,20,20,20,20,20,20,20,20,
5,0,3,0,20,20,20,20,20,20,20,20,
5,0,3,1,20,20,20,20,20,20,20,20,
5,0,3,2,20,20,20,20,20,20,20,20,
5,0,3,3,20,20,20,20,20,20,20,20,
5,0,3,4,20,20,20,20,20,20,20,20,
5,0,3,5,20,20,20,20,20,20,20,20,
5,0,4,0,20,20,20,20,20,20,20,20,
5,0,4,1,20,20,20,20,20,20,20,20,
5,0,4,2,20,20,20,20,20,20,20,20,
5,0,4,3,20,20,20,20,20,20,20,20,
5,0,4,4,20,20,20,20,20,20,20,20,
5,0,4,5,20,20,20,20,20,20,20,20,
5,0,5,0,20,20,20,20,20,20,20,20,
5,0,5,1,20,20,20,20,20,20,20,20,
5,0,5,2,20,20,20,20,20,20,20,20,
5,0,5,3,20,20,20,20,20,20,20,20,
5,0,5,4,20,20,20,20,20,20,20,20,
5,0,5,5,20,20,20,20,20,20,20,20,
5,1,0,0,20,20,20,20,20,20,20,20,
5,1,0,1,20,20,20,20,20,20,20,20,
5,1,0,2,20,20,20,20,20,20,20,20,
5,1,0,3,20,20,20,20,20,20,20,20,
5,1,0,4,20,20,20,20,20,20,20,20,
5,1,0,5,20,20,20,20,20,20,20,20,
5,1,1,0,20,20,20,20,20,20,20,20,
5,1,1,1,20,20,20,20,20,20,20,20,
5,1,1,2,20,20,20,20,20,20,20,20,
5,1,1,3,20,20,20,20,20,20,20,20,
5,1,1,4,20,20,20,20,20,20,20,20,
5,1,1,5,20,20,20,20,20,20,20,20,
5,1,2,0,20,20,20,20,20,20,20,20,
5,1,2,1,20,20,20,20,20,20,20,20,
5,1,2,2,20,20,20,20,20,20,20,20,
5,1,2,3,20,20,20,20,20,20,20,20,
5,1,2,4,20,20,20,20,20,20,20,20,
5,1,2,5,20,20,20,20,20,20,20,20,
5,1,3,0,20,20,20,20,20,20,20,20,
5,1,3,1,20,20,20,20,20,20,20,20,
5,1,3,2,20,20,20,20,20,20,20,20,
5,1,3,3,20,20,20,20,20,20,20,20,
5,1,3,4,20,20,20,20,20,20,20,20,
5,1,3,5,20,20,20,20,20,20,20,20,
5,1,4,0,20,20,20,20,20,20,20,20,
5,1,4,1,20,20,20,20,20,20,20,20,
5,1,4,2,20,20,20,20,20,20,20,20,
5,1,4,3,20,20,20,20,20,20,20,20,
5,1,4,4,20,20,20,20,20,20,20,20,
5,1,4,5,20,20,20,20,20,20,20,20,
5,1,5,0,20,20,20,20,20,20,20,20,
5,1,5,1,20,20,20,20,20,20,20,20,
5,1,5,2,20,20,20,20,20,20,20,20,
5,1,5,3,20,20,20,20,20,20,20,20,
5,1,5,4,20,20,20,20,20,20,20,20,
5,1,5,5,20,20,20,20,20,20,20,20,
5,2,0,0,20,20,20,20,20,20,20,20,
5,2,0,1,20,20,20,20,20,20,20,20,
5,2,0,2,20,20,20,20,20,20,20,20,
5,2,0,3,20,20,20,20,20,20,20,20,
5,2,0,4,20,20,20,20,20,20,20,20,
5,2,0,5,20,20,20,20,20,20,20,20,
5,2,1,0,20,20,20,20,20,20,20,20,
5,2,1,1,20,20,20,20,20,20,20,20,
5,2,1,2,20,20,20,20,20,20,20,20,
5,2,1,3,20,20,20,20,20,20,20,20,
5,2,1,4,20,20,20,20,20,20,20,20,
5,2,1,5,20,20,20,20,20,20,20,20,
5,2,2,0,20,20,20,20,20,20,20,20,
5,2,2,1,20,20,20,20,20,20,20,20,
5,2,2,2,20,20,20,20,20,20,20,20,
5,2,2,3,20,20,20,20,20,20,20,20,
5,2,2,4,20,20,20,20,20,20,20,20,
5,2,2,5,20,20,20,20,20,20,20,20,
5,2,3,0,20,20,20,20,20,20,20,20,
5,2,3,1,20,20,20,20,20,20,20,20,
5,2,3,2,20,20,20,20,20,20,20,20,
5,2,3,3,20,20,20,20,20,20,20,20,
5,2,3,4,20,20,20,20,20,20,20,20,
5,2,3,5,20,20,20,20,20,20,20,20,
5,2,4,0,20,20,20,20,20,20,20,20,
5,2,4,1,20,20,20,20,20,20,20,20,
5,2,4,2,20,20,20,20,20,20,20,20,
5,2,4,3,20,20,20,20,20,20,20,20,
5,2,4,4,20,20,20,20,20,20,20,20,
5,2,4,5,20,20,20,20,20,20,20,20,
5,2,5,0,20,20,20,20,20,20,20,20,
5,2,5,1,20,20,20,20,20,20,20,20,
5,2,5,2,20,20,20,20,20,20,20,20,
5,2,5,3,20,20,20,20,20,20,20,20,
5,2,5,4,20,20,20,20,20,20,20,20,
5,2,5,5,20,20,20,20,20,20,20,20,
5,3,0,0,20,20,20,20,20,20,20,20,
5,3,0,1,20,20,20,20,20,20,20,20,
5,3,0,2,20,20,20,20,20,20,20,20,
5,3,0,3,20,20,20,20,20,20,20,20,
5,3,0,4,20,20,20,20,20,20,20,20,
5,3,0,5,20,20,20,20,20,20,20,20,
5,3,1,0,20,20,20,20,20,20,20,20,
5,3,1,1,20,20,20,20,20,20,20,20,
5,3,1,2,20,20,20,20,20,20,20,20,
5,3,1,3,20,20,20,20,20,20,20,20,
5,3,1,4,20,20,20,20,20,20,20,20,
5,3,1,5,20,20,20,20,20,20,20,20,
5,3,2,0,20,20,20,20,20,20,20,20,
5,3,2,1,20,20,20,20,20,20,20,20,
5,3,2,2,20,20,20,20,20,20,20,20,
5,3,2,3,20,20,20,20,20,20,20,20,
5,3,2,4,20,20,20,20,20,20,20,20,
5,3,2,5,20,20,20,20,20,20,20,20,
5,3,3,0,20,20,20,20,20,20,20,20,
5,3,3,1,20,20,20,20,20,20,20,20,
5,3,3,2,20,20,20,20,20,20,20,20,
5,3,3,3,20,20,20,20,20,20,20,20,
5,3,3,4,20,20,20,20,20,20,20,20,
5,3,3,5,20,20,20,20,20,20,20,20,
5,3,4,0,20,20,20,20,20,20,20,20,
5,3,4,1,20,20,20,20,20,20,20,20,
5,3,4,2,20,20,20,20,20,20,20,20,
5,3,4,3,20,20,20,20,20,20,20,20,
5,3,4,4,20,20,20,20,20,20,20,20,
5,3,4,5,20,20,20,20,20,20,20,20,
5,3,5,0,20,20,20,20,20,20,20,20,
5,3,5,1,20,20,20,20,20,20,20,20,
5,3,5,2,20,20,20,20,20,20,20,20,
5,3,5,3,20,20,20,20,20,20,20,20,
5,3,5,4,20,20,20,20,20,20,20,20,
5,3,5,5,20,20,20,20,20,20,20,20,
5,4,0,0,20,20,20,20,20,20,20,20,
5,4,0,1,20,20,20,20,20,20,20,20,
5,4,0,2,20,20,20,20,20,20,20,20,
5,4,0,3,20,20,20,20,20,20,20,20,
5,4,0,4,20,20,20,20,20,20,20,20,
5,4,0,5,20,20,20,20,20,20,20,20,
5,4,1,0,20,20,20,20,20,20,20,20,
5,4,1,1,20,20,20,20,20,20,20,20,
5,4,1,2,20,20,20,20,20,20,20,20,
5,4,1,3,20,20,20,20,20,20,20,20,
5,4,1,4,20,20,20,20,20,20,20,20,
5,4,1,5,20,20,20,20,20,20,20,20,
5,4,2,0,20,20,20,20,20,20,20,20,
5,4,2,1,20,20,20,20,20,20,20,20,
5,4,2,2,20,20,20,20,20,20,20,20,
5,4,2,3,20,20,20,20,20,20,20,20,
5,4,2,4,20,20,20,20,20,20,20,20,
5,4,2,5,20,20,20,20,20,20,20,20,
5,4,3,0,20,20,20,20,20,20,20,20,
5,4,3,1,20,20,20,20,20,20,20,20,
5,4,3,2,20,20,20,20,20,20,20,20,
5,4,3,3,20,20,20,20,20,20,20,20,
5,4,3,4,20,20,20,20,20,20,20,20,
5,4,3,5,20,20,20,20,20,20,20,20,
5,4,4,0,20,20,20,20,20,20,20,20,
5,4,4,1,20,20,20,20,20,20,20,20,
5,4,4,2,20,20,20,20,20,20,20,20,
5,4,4,3,20,20,20,20,20,20,20,20,
5,4,4,4,20,20,20,20,20,20,20,20,
5,4,4,5,20,20,20,20,20,20,20,20,
5,4,5,0,20,20,20,20,20,20,20,20,
5,4,5,1,20,20,20,20,20,20,20,20,
5,4,5,2,20,20,20,20,20,20,20,20,
5,4,5,3,20,20,20,20,20,20,20,20,
5,4,5,4,20,20,20,20,20,20,20,20,
5,4,5,5,20,20,20,20,20,20,20,20,
5,5,0,0,20,20,20,20,20,20,20,20,
5,5,0,1,20,20,20,20,20,20,20,20,
5,5,0,2,20,20,20,20,20,20,20,20,
5,5,0,3,20,20,20,20,20,20,20,20,
5,5,0,4,20,20,20,20,20,20,20,20,
5,5,0,5,20,20,20,20,20,20,20,20,
5,5,1,0,20,20,20,20,20,20,20,20,
5,5,1,1,20,20,20,20,20,20,20,20,
5,5,1,2,20,20,20,20,20,20,20,20,
5,5,1,3,20,20,20,20,20,20,20,20,
5,5,1,4,20,20,20,20,20,20,20,20,
5,5,1,5,20,20,20,20,20,20,20,20,
5,5,2,0,20,20,20,20,20,20,20,20,
5,5,2,1,20,20,20,20,20,20,20,20,
5,5,2,2,20,20,20,20,20,20,20,20,
5,5,2,3,20,20,20,20,20,20,20,20,
5,5,2,4,20,20,20,20,20,20,20,20,
5,5,2,5,20,20,20,20,20,20,20,20,
5,5,3,0,20,20,20,20,20,20,20,20,
5,5,3,1,20,20,20,20,20,20,20,20,
5,5,3,2,20,20,20,20,20,20,20,20,
5,5,3,3,20,20,20,20,20,20,20,20,
5,5,3,4,20,20,20,20,20,20,20,20,
5,5,3,5,20,20,20,20,20,20,20,20,
5,5,4,0,20,20,20,20,20,20,20,20,
5,5,4,1,20,20,20,20,20,20,20,20,
5,5,4,2,20,20,20,20,20,20,20,20,
5,5,4,3,20,20,20,20,20,20,20,20,
5,5,4,4,20,20,20,20,20,20,20,20,
5,5,4,5,20,20,20,20,20,20,20,20,
5,5,5,0,20,20,20,20,20,20,20,20,
5,5,5,1,20,20,20,20,20,20,20,20,
5,5,5,2,20,20,20,20,20,20,20,20,
5,5,5,3,20,20,20,20,20,20,20,20,
5,5,5,4,20,20,20,20,20,20,20,20,
5,5,5,5,20,20,20,20,20,20,20,20,
0,0,0,0,20,20,20,20,20,20,20,20,
0,0,0,0,20,20,20,20,20,20,20,20,
0,0,-1,-1,20,20,20,20,20,20,20,20,
0,1,-1,-1,20,20,20,20,20,20,20,20,
0,2,-1,-1,20,20,20,20,20,20,20,20,
0,3,-1,-1,20,20,20,20,20,20,20,20,
0,4,-1,-1,20,20,20,20,20,20,20,20,
0,5,-1,-1,20,20,20,20,20,20,20,20,
1,0,-1,-1,20,20,20,20,20,20,20,20,
1,1,-1,-1,20,20,20,20,20,20,20,20,
1,2,-1,-1,20,20,20,20,20,20,20,20,
1,3,-1,-1,20,20,20,20,20,20,20,20,
1,4,-1,-1,20,20,20,20,20,20,20,20,
1,5,-1,-1,20,20,20,20,20,20,20,20,
2,0,-1,-1,20,20,20,20,20,20,20,20,
2,1,-1,-1,20,20,20,20,20,20,20,20,
2,2,-1,-1,20,20,20,20,20,20,20,20,
2,3,-1,-1,20,20,20,20,20,20,20,20,
2,4,-1,-1,20,20,20,20,20,20,20,20,
2,5,-1,-1,20,20,20,20,20,20,20,20,
3,0,-1,-1,20,20,20,20,20,20,20,20,
3,1,-1,-1,20,20,20,20,20,20,20,20,
3,2,-1,-1,20,20,20,20,20,20,20,20,
3,3,-1,-1,20,20,20,20,20,20,20,20,
3,4,-1,-1,20,20,20,20,20,20,20,20,
3,5,-1,-1,20,20,20,20,20,20,20,20,
4,0,-1,-1,20,20,20,20,20,20,20,20,
4,1,-1,-1,20,20,20,20,20,20,20,20,
4,2,-1,-1,20,20,20,20,20,20,20,20,
4,3,-1,-1,20,20,20,20,20,20,20,20,
4,4,-1,-1,20,20,20,20,20,20,20,20,
4,5,-1,-1,20,20,20,20,20,20,20,20,
5,0,-1,-1,20,20,20,20,20,20,20,20,
5,1,-1,-1,20,20,20,20,20,20,20,20,
5,2,-1,-1,20,20,20,20,20,20,20,20,
5,3,-1,-1,20,20,20,20,20,20,20,20,
5,4,-1,-1,20,20,20,20,20,20,20,20,
5,5,-1,-1,20,20,20,20,20,20,20,20,
